"""Company History""",&quot;நிறுவனத்தின் வரலாறு&quot;,
"""Team Members"" or ""Management""","""\nகுழு உறுப்பினர்கள்"" அல்லது ""நிர்வாகம்""",
&lt;head&gt; HTML,"&lt;தலையில்&gt; HTML,",
**Currency** Master,** நாணய ** மாஸ்டர்,
0 - Draft; 1 - Submitted; 2 - Cancelled,0 - வரைவு; 1 -சமர்பிக்கப்பட்டன; 2 - ரத்து,
0 is highest,0 உயர்ந்து உள்ளது,
A list of resources which the Client App will have access to after the user allows it.<br> e.g. project,வாடிக்கையாளர் பயன்பாட்டை பயனர் அதை அனுமதிக்கிறது பின்னர் அணுக வேண்டும் இது வளங்களை பட்டியல். <br> எ.கா. திட்டம்,
A symbol for this currency. For e.g. $,இந்த நாணயம் ஒரு குறியீடு. உதாரணமாக $ க்கு,
A4,ஏ 4,
ALL,அனைத்து,
API,ஏபிஐ,
API Access,API அணுகல்,
API Endpoint,API முடிப்பு,
API Endpoint Args,API முடிப்பு Args,
API Key,API விசை,
API Method,API முறை,
API Secret,API இரகசிய,
ASC,ASC,
About Us Settings,"""எங்களை பற்றி"" அமைப்புகள்",
About Us Team Member,எங்களை குழு உறுப்பினர் பற்றி,
Access Key ID,அணுகல் விசை ஐடி,
Access Key Secret,விசை ரகசியத்தை அணுகவும்,
Access Log,அணுகல் பதிவு,
Access Token,அணுகல் டோக்கன்,
Access Token URL,அணுகல் டோக்கன் URL,
Account,கணக்கு,
Accounts Manager,கணக்குகள் மேலாளர்,
Accounts User,பயனர் கணக்குகள்,
Action,செயல்,
Action / Route,செயல் / பாதை,
Action Timeout (Seconds),அதிரடி நேரம் (விநாடிகள்),
Action Type,செயல் வகை,
Actions,செயல்கள்,
Active,செயலில்,
Active Domains,செயலில் களங்கள்,
Activity Log,நடவடிக்கை பதிவு,
Add Container,கொள்கலன் சேர்க்கவும்,
Add Custom Tags,தனிப்பயன் குறிச்சொற்களைச் சேர்க்கவும்,
Add Gray Background,சாம்பல் பின்னணி சேர்க்கவும்,
Add Signature,கையொப்பம் சேர்க்கவும்,
Add Total Row,மொத்த வரிசையில் சேர்க்க,
Add Unsubscribe Link,குழுவிலகல் இணைப்பு சேர்,
"Added HTML in the &lt;head&gt; section of the web page, primarily used for website verification and SEO","&lt;Head&gt; சேர்க்கப்பட்டது HTML வலை பக்கம் பிரிவு, முதன்மையாக வலைத்தளத்தில் சரிபார்ப்பு மற்றும் எஸ்சிஓ பயன்படுத்தப்படும்",
Additional Permissions,கூடுதல் அனுமதிகள்,
Address,முகவரி,
Address And Contacts,முகவரி மற்றும் தொடர்புகள்,
Address Line 1,முகவரி வரி 1,
Address Line 2,முகவரி வரி 2,
Address Template,முகவரி டெம்ப்ளேட்,
Address Title,முகவரி தலைப்பு,
Address Type,முகவரி வகை,
Address and other legal information you may want to put in the footer.,முகவரி மற்றும் பிற சட்ட தகவல் நீங்கள் அடிக்குறிப்பில் உள்ள வைக்க வேண்டும்.,
Addresses And Contacts,முகவரிகள் மற்றும் தொடர்புகள்,
Adds a custom field to a DocType,ஒரு DOCTYPE ஒரு விருப்ப துறையில் சேர்க்கிறது,
Administrator,நிர்வாகி,
Advanced,மேம்பட்ட,
Advanced Control,மேம்பட்ட கட்டுப்பாடு,
Advanced Settings,மேம்பட்ட அமைப்புகள்,
After Cancel,ரத்து செய்த பிறகு,
After Delete,நீக்கு பிறகு,
After Save,சேமி பிறகு,
After Save (Submitted Document),சேமித்த பிறகு (சமர்ப்பிக்கப்பட்ட ஆவணம்),
After Submit,சமர்ப்பித்த பிறகு,
Aggregate Function Based On,மொத்த செயல்பாடு அடிப்படையில்,
Alert,எச்சரிக்கை,
Align Labels to the Right,லேபிள்களை வலதுபுறமாக சீரமை,
Align Right,வலதுபுறம் சீரமைக்கவும்,
All,எல்லாம்,
All Day,அனைத்து தினம்,
Allocated To,ஒதுக்கிவைக்கப்பட்டது,
Allot Points To Assigned Users,ஒதுக்கப்பட்ட பயனர்களுக்கு புள்ளிகள் ஒதுக்குங்கள்,
Allow,அனுமதி,
Allow Auto Repeat,தானாக மீண்டும் செய்ய அனுமதிக்கவும்,
Allow Bulk Edit,மொத்த திருத்த அனுமதி,
Allow Comments,கருத்துகளை அனுமதி,
Allow Consecutive Login Attempts ,தொடர்ந்து உள்நுழைவு முயற்சிகளை அனுமதி,
Allow Delete,அனுமதி  நீக்க,
Allow Dropbox Access,டிராப்பாக்ஸ் அணுகல் அனுமதி,
Allow Guest,விருந்தினரை அனுமதி,
Allow Guest to View,விருந்தினர் காண்க அனுமதி,
Allow Guests to Upload Files,கோப்புகளைப் பதிவேற்ற விருந்தினர்களை அனுமதிக்கவும்,
Allow Import (via Data Import Tool),இறக்குமதி அனுமதி (தரவு இறக்குமதி கருவி மூலம்),
Allow Incomplete Forms,விண்ணப்பங்கள் பாரங்கள் அனுமதி,
Allow Login After Fail,தோல்வியடைந்த பிறகு புகுபதிகை அனுமதி,
Allow Login using Mobile Number,மொபைல் எண் பயன்படுத்தி உள்நுழைய அனுமதி,
Allow Login using User Name,பயனர் பெயர் பயன்படுத்தி உள்நுழைய அனுமதி,
Allow Modules,தொகுதிகள் அனுமதிக்கவும்,
Allow Print,அச்சு அனுமதி,
Allow Print for Cancelled,ரத்து அச்சு அனுமதி,
Allow Print for Draft,வரைவு அச்சு அனுமதி,
Allow Read On All Link Options,அனைத்து இணைப்பு விருப்பங்களையும் படிக்க அனுமதி,
Allow Rename,மறுபெயரிடு அனுமதி,
Allow Roles,பாத்திரங்கள் அனுமதி,
Allow Self Approval,சுய ஒப்புதல் அனுமதி,
Allow approval for creator of the document,ஆவணத்தின் உருவாக்கியவருக்கு ஒப்புதலை அனுமதி,
Allow document creation via Email,மின்னஞ்சல் வழியாக ஆவண உருவாக்கத்தை அனுமதிக்கவும்,
Allow events in timeline,காலவரிசை நிகழ்வுகளை அனுமதி,
Allow in Quick Entry,விரைவு நுழைவில் அனுமதி,
Allow on Submit,சமர்ப்பி மீது அனுமதிக்க,
Allow only one session per user,பயனர் ஒன்றுக்கு ஒரே ஒரு அமர்வு அனுமதி,
Allow page break inside tables,அட்டவணைகள் உள்ளே பக்க முறிப்பு அனுமதி,
Allow saving if mandatory fields are not filled,கட்டாய துறைகள் பூர்த்தி செய்யவில்லை என்றால் சேமிப்பு அனுமதி,
Allow user to login only after this hour (0-24),பயனர் இந்த மணி நேரத்திற்கு பிறகு மட்டுமே உள்நுழைய அனுமதி (0-24),
Allow user to login only before this hour (0-24),பயனர் இந்த மணி நேரத்திற்கு முன் தான் உள்ளே செல்ல அனுமதிக்க (0-24),
Allowed,அனுமதித்த,
Allowed In Mentions,குறிப்புகளில் அனுமதிக்கப்பட்டது,
"Always add ""Draft"" Heading for printing draft documents",எப்போதும் அச்சிடும் வரைவு ஆவணங்களை தலைப்பு &quot;வரைவு&quot; சேர்க்க,
Amend,திருத்தப்படும்,
Amended From,முதல் திருத்தப்பட்ட,
An icon file with .ico extension. Should be 16 x 16 px. Generated using a favicon generator. [favicon-generator.org],.ico நீட்டிப்பு ஒரு ஐகான் கோப்பு. 16 x 16 px இருக்க வேண்டும். ஒரு ஃபேவிகானை ஜெனரேட்டர் பயன்படுத்தி உருவாக்கப்பட்டது. [Favicon-generator.org],
Analytics,அனலிட்டிக்ஸ்,
Annual,வருடாந்திர,
Anonymous,அநாமதேய,
Any string-based printer languages can be used. Writing raw commands requires knowledge of the printer's native language provided by the printer manufacturer. Please refer to the developer manual provided by the printer manufacturer on how to write their native commands. These commands are rendered on the server side using the Jinja Templating Language.,எந்த சரம் அடிப்படையிலான அச்சுப்பொறி மொழிகளையும் பயன்படுத்தலாம். மூல கட்டளைகளை எழுதுவதற்கு அச்சுப்பொறி உற்பத்தியாளரால் வழங்கப்பட்ட அச்சுப்பொறியின் சொந்த மொழியைப் பற்றிய அறிவு தேவைப்படுகிறது. அச்சுப்பொறி உற்பத்தியாளரால் அவர்களின் சொந்த கட்டளைகளை எவ்வாறு எழுதுவது என்பது குறித்து டெவலப்பர் கையேட்டைப் பார்க்கவும். இந்த கட்டளைகள் ஜின்ஜா டெம்ப்ளேட்டிங் மொழியைப் பயன்படுத்தி சேவையக பக்கத்தில் வழங்கப்படுகின்றன.,
App,பயன்பாட்டை,
App Access Key,பயன்பாட்டை அணுகல் விசை,
App Client ID,ஆப் கிளையன்ட் ஐடி,
App Client Secret,பயன்பாட்டை வாடிக்கையாளர் இரகசிய,
App Name,பயன்பாடு பெயர்,
App Secret Key,ஆப் இரகசிய விசை,
Append Emails to Sent Folder,அனுப்பிய கோப்புறையில் மின்னஞ்சல்களைச் சேர்க்கவும்,
Append To,சேர்க்க,
Applicable For,பொருந்தும்,
Application Logo,பயன்பாட்டு லோகோ,
Application Name,விண்ணப்ப பெயர்,
Application Version,விண்ணப்ப பதிப்பு,
Applied On,பயன்படுத்தப்பட்டது,
Apply Document Permissions,ஆவண அனுமதிகளைப் பயன்படுத்துங்கள்,
Apply Only Once,ஒரு முறை மட்டுமே விண்ணப்பிக்கவும்,
Apply Strict User Permissions,கண்டிப்பு பயனர் அனுமதிகள் விண்ணப்பிக்கவும்,
Apply To All Document Types,அனைத்து ஆவண வகைகளுக்கும் பொருந்தும்,
Apply this rule if the User is the Owner,பயனர் உரிமையாளராகவே இருந்தால் இந்த ஆட்சி விண்ணப்பிக்கவும்,
Apply this rule only once per document,ஒரு ஆவணத்திற்கு ஒரு முறை மட்டுமே இந்த விதியைப் பயன்படுத்துங்கள்,
Appreciation,பாராட்டு,
Archived,காப்பகப்படுத்தியவை,
Arial,Arial,
Assign Condition,நிபந்தனை ஒதுக்க,
Assign To Users,பயனர்களுக்கு ஒதுக்குங்கள்,
Assigned,ஒதுக்கப்படும்,
Assigned By,அளிக்கப்பட்ட,
Assigned By Full Name,முழு பெயர் ஒதுக்கப்படுகின்றன,
Assignment,மதிப்பளித்தல்,
Assignment Completed,மதிப்பளித்தல் நிறைவு,
Assignment Days,ஒதுக்கீட்டு நாட்கள்,
Assignment Rule,ஒதுக்கீட்டு விதி,
Assignment Rule Day,பணி விதி நாள்,
Assignment Rule User,பணி விதி பயனர்,
Assignment Rules,ஒதுக்கீட்டு விதிகள்,
Assignments,பணிகள்,
Attach,இணைக்கவும்,
Attach Image,படத்தை இணைக்கவும்,
Attach Print,அச்சு இணைக்கவும்,
Attached File,இணைக்கப்பட்டுள்ள கோப்பு,
Attached To DocType,ஆவண வகை  இணைக்கப்பட்டுள்ளது,
Attached To Field,புலம் இணைக்கப்பட்டிருந்தது,
Attached To Name,பெயர் இணைக்கப்பட்டுள்ளது,
Attachment,இணைப்பு,
Attachment Limit (MB),இணைப்பு எல்லை (எம்பி),
Attachment Link,இணைப்பு இணைப்பு,
Attachment Removed,இணைப்பு நீக்கப்பட்ட,
Attachments,இணைப்புகள்,
Auth URL Data,அங்கீகார URL தரவு,
Authentication,அங்கீகார,
Author,ஆசிரியர்,
Authorization Code,அங்கீகார குறியீடு,
Authorize API Indexing  Access,API குறியீட்டு அணுகலை அங்கீகரிக்கவும்,
Authorize Google Calendar Access,Google கேலெண்டர் அணுகலை அங்கீகரிக்கவும்,
Authorize Google Contacts Access,Google தொடர்புகள் அணுகலை அங்கீகரிக்கவும்,
Authorize Google Drive Access,Google இயக்கக அணுகலை அங்கீகரிக்கவும்,
Authorize URL,URL ஐ அங்கீகரிக்கவும்,
Authorized,அங்கீகரிக்கப்பட்ட,
Auto,வாகன,
Auto Email Report,வாகன மின்னஞ்சல் அறிக்கை,
Auto Name,கார் பெயர்,
Auto Repeat,ஆட்டோ மீண்டும்,
Auto Reply Message,வாகன பதில் செய்தி,
Automatically Assign Documents to Users,பயனர்களுக்கு ஆவணங்களை தானாக ஒதுக்குங்கள்,
Automation,ஆட்டோமேஷன்,
Avatar,சின்னம்,
Average,சராசரி,
Awaiting Password,கடவுச்சொல் காத்திருக்கிறது,
Awaiting password,காத்திருக்கிறது கடவுச்சொல்,
BCC,BCC,
Background Color,பின்னணி நிறம்,
Background Workers,பின்னணி தொழிலாளர்,
Backup Details,காப்பு விவரங்கள்,
Backup Files,காப்பு கோப்புகள்,
Backup Folder ID,காப்பு கோப்புறை ஐடி,
Backup Folder Name,காப்பு கோப்புறை பெயர்,
Backup Frequency,காப்பு அதிர்வெண்,
Backup public and private files along with the database.,தரவுத்தளத்துடன் பொது மற்றும் தனியார் கோப்புகளை காப்புப்பிரதி எடுக்கவும்.,
Backups,மறுபிரதிகளை,
Banner,சிறிய கொடி,
Banner HTML,பதாகை HTML,
Banner Image,பதாகை படம்,
Banner is above the Top Menu Bar.,பதாகை மேலே மெனு பார் மேலே உள்ளது.,
Bar,பார்,
Barcode,பார்கோடு,
Base Distinguished Name (DN),பேஸ் சிறப்புமிகு பெயர் (DN),
Base URL,அடிப்படை URL,
Based On,அடிப்படையில்,
Based on Field,புலம் அடிப்படையில்,
Based on Permissions For User,பயனர் அனுமதிகள் அடிப்படையாக,
Basic,அடிப்படையான,
Before Cancel,ரத்து செய்வதற்கு முன்,
Before Delete,நீக்குவதற்கு முன்,
Before Insert,செருகுவதற்கு முன்,
Before Save,சேமி முன்,
Before Save (Submitted Document),சேமிப்பதற்கு முன் (சமர்ப்பிக்கப்பட்ட ஆவணம்),
Before Submit,சமர்ப்பிக்கும் முன்,
Beginner,தொடக்க,
Beta,பீட்டா,
Billing,பட்டியலிடல்,
Bio,உயிரி,
Birth Date,பிறந்த தேதி,
Block Module,பிளாக் தொகுதி,
Block Modules,தொகுதி தொகுதிகள்,
Blocked,தடுக்கப்பட்ட,
Blog Category,வலைப்பதிவு பகுப்பு,
Blog Intro,வலைப்பதிவு அறிமுகம்,
Blog Introduction,வலைப்பதிவு அறிமுகம்,
Blog Post,வலைப்பதிவு இடுகை,
Blog Settings,வலைப்பதிவு அமைப்புகள்,
Blog Title,தலைப்பு,
Blogger,பதிவர்,
Blue,ப்ளூ,
Bold,தைரியமான,
Bot,பாட்,
Bottom,கீழே,
Bounced,பவுன்ஸ்டு,
Brand,பிராண்ட்,
Brand HTML,பிராண்ட் HTML,
Brand Image,பிராண்ட் இமேஜ்,
Breadcrumbs,நனைக்கப்பட்டு,
Browser,உலாவி,
Browser Version,உலாவி பதிப்பு,
Brute Force Security,ப்ரூட் ஃபோர்ஸ் செக்யூரிட்டி,
Bucket Name,வாளி பெயர்,
Bulk Update,மொத்த புதுப்பிப்பு,
Button,பட்டன்,
Button Gradients,பொத்தான் சாய்வு,
Button Rounded Corners,பொத்தான் வட்டமான மூலைகள்,
Button Shadows,பொத்தான் நிழல்கள்,
Bypass Restricted IP Address Check If Two Factor Auth Enabled,பைபாஸ் தடைசெய்யப்பட்ட ஐபி முகவரி இரண்டு காரணி அங்கீகாரம் இயக்கப்பட்டிருக்கிறதா என சரிபார்க்கவும்,
Bypass Two Factor Auth for users who login from restricted IP Address,வரையறுக்கப்பட்ட IP முகவரியிலிருந்து உள்நுழைய பயனர்களுக்கான இரு காரணி அங்கீகாரத்தை பைபாஸ் செய்யவும்,
Bypass restricted IP Address check If Two Factor Auth Enabled,பைபாஸ் தடை IP முகவரி சரிபார்ப்பு இரு காரணி Auth இயக்கப்பட்டிருந்தால்,
CC,சிசி,
CSS,CSS ஐ,
CSS Class,CSS வகுப்பு,
CSV,கோப்பை,
CTA Label,CTA லேபிள்,
CTA URL,CTA URL,
Calendar,நாட்காட்டி,
Calendar Name,நாள்காட்டி பெயர்,
Calendar View,நாட்காட்டி காட்சி,
Call,அழைப்பு,
Call To Action,செயலுக்கு கூப்பிடு,
Call To Action URL,அதிரடி URL ஐ அழைக்கவும்,
Callback Message,திரும்ப அழைக்கும் செய்தி,
Callback Title,திரும்ப அழைக்கும் தலைப்பு,
Campaign,பிரச்சாரம்,
Cancel,ரத்து,
Cancelled,ரத்து செய்யப்பட்டது,
Card,அட்டை,
Cards,அட்டைகள்,
Category,பகுப்பு,
Category Description,வகை விளக்கம்,
Category Name,வகை பெயர்,
Center,மையம்,
Chaining Hash,ஹேஷ் பிங்,
Change Label (via Custom Translation),லேபிள் (விருப்ப மொழிபெயர்ப்பு வழியாக),
Change Password,கடவுச்சொல்லை மாற்று,
Channel,ஒளியலை வரிசை,
Chart,விளக்கப்படம்,
Chart Configuration,விளக்கப்பட கட்டமைப்பு,
Chart Name,விளக்கப்படத்தின் பெயர்,
Chart Options,விளக்கப்படம் விருப்பங்கள்,
Chart Source,விளக்கப்படம் மூல,
Chart Type,விளக்கப்படம் வகை,
Charts,விளக்கப்படங்கள்,
Chat,அரட்டை,
Check,சரிபார்க்கவும்,
Check this if you want to force the user to select a series before saving. There will be no default if you check this.,நீங்கள் பயனர் சேமிப்பு முன்பு ஒரு தொடர் தேர்ந்தெடுக்க கட்டாயப்படுத்தும் விரும்பினால் இந்த சோதனை. இந்த சோதனை என்றால் இல்லை இயல்பாக இருக்கும்.,
Checking this will hide custom doctypes and reports cards in Links section,இதைச் சரிபார்ப்பது தனிப்பயன் கோட்பாடுகள் மற்றும் அறிக்கைகள் அட்டைகளை இணைப்புகள் பிரிவில் மறைக்கும்,
Checksum Version,செக்சம் பதிப்பு,
Child Tables are shown as a Grid in other DocTypes,குழந்தை அட்டவணைகள் மற்ற ஆவண வகைகளில் ஒரு கட்டமாகக் காட்டப்படுகின்றன,
Choose authentication method to be used by all users,எல்லா பயனர்களையும் பயன்படுத்தும் அங்கீகார முறையைத் தேர்வுசெய்க,
City,நகரம்,
City/Town,நகரம் / டவுன்,
Clicked,சொடுக்கும்,
Client,வாடிக்கையாளர்,
Client Code,வாடிக்கையாளர் குறியீடு,
Client Credentials,வாடிக்கையாளர் விவரம்,
Client ID,வாடிக்கையாளர் ஐடி,
Client Information,வாடிக்கையாளர் தகவல்,
Client Script,கிளையண்ட் ஸ்கிரிப்ட்,
Client Secret,வாடிக்கையாளர் இரகசியம்,
Client URLs,வாடிக்கையாளர் URL கள்,
Close Condition,நிபந்தனையை மூடு,
Closed,மூடப்பட்ட,
Code,குறியீடு,
Collapsible,மடக்கு,
Collapsible Depends On,மடக்கு பொறுத்தது,
Color,நிறம்,
Column Break,நெடுவரிசை பிரிப்பு,
Column Name,வரிசை பெயர்,
Columns,பத்திகள்,
Columns / Fields,நெடுவரிசைகள் / புலங்கள்,
Comment,கருத்து,
Comment By,By கருத்து,
Comment Email,கருத்து மின்னஞ்சல்,
Comment Type,கருத்து வகை,
Comments and Communications will be associated with this linked document,கருத்துரைகள் மற்றும் கம்யூனிகேஷன்ஸ் இந்த இணைக்கப்பட்ட ஆவணத்துடன் தொடர்புடைய,
Commit,கமிட்,
Communication,தொடர்பாடல்,
Communication Link,தொடர்பு இணைப்பு,
Communication Type,தொடர்பாடல் வகை,
Compact Item Print,காம்பாக்ட் பொருள் அச்சு,
Company History,நிறுவனத்தின் வரலாறு,
Company Introduction,நிறுவனம் அறிமுகம்,
Company Name,நிறுவனத்தின் பெயர்,
Complete,முழுமையான,
Completed,நிறைவு,
Component,கூறு,
Condition,நிபந்தனை,
Conditions,நிபந்தனைகள்,
Configuration,உள்ளமைவு,
Confirmation Email Template,உறுதிப்படுத்தல் மின்னஞ்சல் வார்ப்புரு,
Console,கன்சோல்,
Console Log,கன்சோல் பதிவு,
Contact,தொடர்பு,
Contact Details,விபரங்கள்,
Contact Email,மின்னஞ்சல் தொடர்பு,
Contact Numbers,தொடர்பு எண்கள்,
Contact Phone,தொலைபேசியைத் தொடர்பு கொள்ளுங்கள்,
Contact Us Settings,எங்களை அமைப்புகள் தொடர்பு,
"Contact options, like ""Sales Query, Support Query"" etc each on a new line or separated by commas.","தொடர்பு விருப்பங்கள், ஒரு புதிய பாதையில் ஹிப்ரு ஒவ்வொரு &quot;விற்பனை கேள்வி, வினா ஆதரவு&quot; அல்லது பிரிக்கப்பட்ட.",
Contacts,தொடர்புகள்,
Content,உள்ளடக்கம்,
Content (HTML),உள்ளடக்கம் (HTML),
Content (Markdown),உள்ளடக்கம் (மார்க் டவுன்),
Content Hash,உள்ளடக்க ஹாஷ்,
Content Type,உள்ளடக்க வகை,
Context,சூழல்,
Context Script,சூழல் ஸ்கிரிப்ட்,
Contributed,பங்களிப்பு,
Contribution Document Name,பங்களிப்பு ஆவணத்தின் பெயர்,
Contribution Status,பங்களிப்பு நிலை,
Copyright,பதிப்புரிமை,
Core,உள்ளகம்,
Count,கவுண்ட்,
Count Filter,எண்ணிக்கை வடிகட்டி,
Counter,எதிர்,
Country,நாடு,
Country Name,நாட்டின் பெயர்,
County,உள்ளூரில்,
Create,உருவாக்கு,
Create Contacts from Incoming Emails,உள்வரும் மின்னஞ்சல்களிலிருந்து தொடர்புகளை உருவாக்கவும்,
Create Entry,உள்ளீட்டை உருவாக்கவும்,
Create Log,பதிவை உருவாக்கவும்,
Create and Send Newsletters,உருவாக்க மற்றும் அனுப்பவும் செய்தி,
Created,உருவாக்கப்பட்டது,
Criticism,திறனாய்வு,
Cron,கிரான்,
Cron Format,கிரான் வடிவம்,
Currency,நாணய,
Currency Name,நாணயத்தின் பெயர்,
Currency Precision,நாணய துல்லிய,
Current,தற்போதைய,
Custom,விருப்ப,
Custom Base URL,தனிப்பயன் அடிப்படை URL,
Custom CSS,தனிப்பயன் CSS,
Custom Configuration,தனிப்பயன் உள்ளமைவு,
Custom DocPerm,விருப்ப DocPerm,
Custom Field,தனிப்பயன் புலம்,
Custom Format,விருப்ப வடிவம்,
Custom HTML Help,விருப்ப HTML உதவி,
Custom Menu Items,வழக்கமான பட்டி உருப்படிகள்,
Custom Options,தனிப்பயன் விருப்பங்கள்,
Custom Overrides,தனிப்பயன் மேலெழுதல்கள்,
Custom Report,தனிப்பயன் அறிக்கை,
Custom Role,விருப்ப பங்கு,
Custom SCSS,தனிப்பயன் SCSS,
Custom Sidebar Menu,விருப்ப பக்கப்பட்டி பட்டி,
Custom?,தனிபயன்?,
Customization,தன்விருப்ப,
Customize Form,படிவம் விருப்பப்படி,
Customize Form Field,படிவம் புலம் தனிப்பயனாக்கு,
DESC,DESC,
Daily,தினசரி,
Daily Long,டெய்லி லாங்,
Danger,ஆபத்து,
Dark Color,அடர் நிறம்,
Dashboard,டாஷ்போர்டு,
Dashboard Chart,டாஷ்போர்டு விளக்கப்படம்,
Dashboard Chart Field,டாஷ்போர்டு விளக்கப்படம் புலம்,
Dashboard Chart Link,டாஷ்போர்டு விளக்கப்படம் இணைப்பு,
Dashboard Chart Source,டாஷ்போர்டு விளக்கப்படம் மூல,
Dashboard Manager,டாஷ்போர்டு மேலாளர்,
Dashboard Name,டாஷ்போர்டு பெயர்,
Dashboard Settings,டாஷ்போர்டு அமைப்புகள்,
Dashboards,டேஷ்போர்டுகளுடன்,
Data,தரவு,
Data Export,தரவு ஏற்றுமதி,
Data Import,தரவு இறக்குமதி,
Database Engine,டேட்டாபேஸ் எஞ்சின்,
Date,தேதி,
Date Format,தேதி வடிவமைப்பு,
Date Range,தேதி வரம்பு,
Date and Number Format,தேதி மற்றும் எண் அமைப்பு,
Datetime,நாள்நேரம்,
Day,தினம்,
Day of Week,வார நாள்,
Days After,நாட்கள்,
Days Before,"நாட்கள் முன்பு,",
Days Before or After,நாட்கள் முன் அல்லது பின்,
Default,இயல்புநிலை,
Default Incoming,இயல்புநிலை உள்வரும்,
Default Letter Head,கடிதத் தலைப்பில் இயல்புநிலை,
Default Outgoing,இயல்புநிலை வெளிச்செல்லும்,
Default Portal Home,இயல்புநிலை போர்டல் முகப்பு,
Default Print Format,முன்னிருப்பு அச்சு வடிவம்,
Default Print Language,இயல்புநிலை அச்சு மொழி,
Default Redirect URI,இயல்பான திசைதிருப்பும்: URI,
Default Role at Time of Signup,இணைந்ததற்கு சமயத்தில் இயல்புநிலை பாத்திரம்,
Default Sort Field,இயல்புநிலை வரிசை புலம்,
Default Sort Order,இயல்புநிலை வரிசை வரிசை,
Default Value,முன்னிருப்பு மதிப்பு,
"Default: ""Contact Us""",இயல்புநிலை: &quot;எங்களை&quot;,
DefaultValue,இயல்புநிலை மதிப்பு,
Defaults,இயல்புநிலைக்கு,
Defines actions on states and the next step and allowed roles.,மாநிலங்களில் நடவடிக்கைகள் மற்றும் அடுத்த படி அனுமதி வேடங்களில் வரையறுக்கிறது.,
Defines workflow states and rules for a document.,ஒரு ஆவணம் முறையை மாநிலங்கள் மற்றும் விதிகள் வரையறுக்கிறது.,
Delayed,தாமதமாக,
Delete,நீக்கு,
Deleted,நீக்கப்பட்ட,
Deleted DocType,நீக்கப்பட்ட DOCTYPE,
Deleted Document,நீக்கப்பட்ட ஆவண,
Deleted Name,நீக்கப்பட்ட பெயர்,
Delivery Status,விநியோக நிலைமை,
Department,துறை,
Dependencies,சார்ந்திருப்பவை,
Depends On,பொறுத்தது,
Description,விளக்கம்,
"Description for listing page, in plain text, only a couple of lines. (max 200 characters)","பட்டியல் பக்கத்திற்கான விளக்கம், எளிய உரையில், ஓரிரு வரிகள் மட்டுமே. (அதிகபட்சம் 200 எழுத்துக்கள்)",
Designation,பதவி,
Desk,டெஸ்க்,
Desk Access,டெஸ்க் அணுகல்,
Desktop Icon,டெஸ்க்டாப் ஐகான்,
Details,விவரம்,
"Different ""States"" this document can exist in. Like ""Open"", ""Pending Approval"" etc.","வெவ்வேறு &quot;அமெரிக்கா&quot; இந்த ஆவணம் &quot;ஏற்பு நிலுவையில்&quot; போன்ற, &quot;திற&quot; போல உள்ளே இருக்க முடியும்",
Digits,இலக்கங்கள்,
Disable Auto Refresh,தானியங்கு புதுப்பிப்பை முடக்கு,
Disable Comments,கருத்துகளை முடக்கு,
Disable Count,எண்ணிக்கையை முடக்கு,
Disable SMTP server authentication,SMTP சேவையக அங்கீகாரத்தை முடக்கு,
Disable Sidebar Stats,பக்கப்பட்டி புள்ளிவிவரங்களை முடக்கு,
Disable Signup,பதிவுசெய்தல் முடக்கு,
Disable Standard Email Footer,தரமான மின்னஞ்சல் அடிக்குறிப்பு முடக்கவும்,
Disabled,முடக்கப்பட்டது,
Display,காட்சி,
Display Depends On,காட்சி பொறுத்தது,
Doc Event,Doc நிகழ்வு,
Doc Events,Doc நிகழ்வுகள்,
Doc Status,Doc நிலைமை,
DocField,DocField,
DocPerm,DocPerm,
DocShare,DocShare,
DocType,டாக் டைப்,
DocType Action,டாக் டைப் அதிரடி,
DocType Event,டாக் டைப் நிகழ்வு,
DocType Link,டாக் டைப் இணைப்பு,
DocType View,டாக் டைப் பார்வை,
DocType is a Table / Form in the application.,DOCTYPE விண்ணப்பத்தில் அட்டவணை / படிவம் ஆகிறது.,
DocType on which this Workflow is applicable.,இந்த பணியோட்ட பொருந்தும் எந்த டாக்டைப்பின்.,
Doctype,டாக் டைப்,
Document,ஆவணம்,
Document Actions,ஆவண செயல்கள்,
Document Follow,ஆவணம் பின்பற்றுங்கள்,
Document Link,ஆவண இணைப்பு,
Document Links,ஆவண இணைப்புகள்,
Document Name,ஆவண பெயர்,
Document Naming Rule,ஆவண பெயரிடும் விதி,
Document Naming Rule Condition,ஆவண பெயரிடும் விதி நிலை,
Document Share,ஆவணப் பகிர்வு,
Document Share Report,ஆவண பகிர் அறிக்கை,
Document States,ஆவண அமெரிக்கா,
Document Tag,ஆவணக் குறிச்சொல்,
Document Title,ஆவண தலைப்பு,
Document Type,ஆவண வகை,
Document Type to Track,கண்காணிக்க ஆவண வகை,
Document Types,ஆவண வகைகள்,
Documentation Link,ஆவண இணைப்பு,
Documentation URL,ஆவணமாக்கல் URL,
Domain,டொமைன்,
Domain Settings,கள அமைப்புகள்,
Domains HTML,டொமைன்கள் HTML,
"Don't HTML Encode HTML tags like &lt;script&gt; or just characters like &lt; or &gt;, as they could be intentionally used in this field","வேண்டாம் &lt;ஸ்கிரிப்ட்&gt; அல்லது, அவர்கள் வேண்டுமென்றே இந்த துறையில் பயன்படுத்த முடியும் என போன்ற &lt;அல்லது&gt; எழுத்துக்கள் போன்ற HTML என்கோடு HTML குறிச்சொற்களை",
Don't Override Status,நிலைமை புறக்கணிக்க வேண்டாம்,
Don't Send Emails,மின்னஞ்சல்களை அனுப்ப வேண்டாம்,
Donut,டோனட்,
Download Backups,பதிவிறக்க காப்பு,
Download Template,வார்ப்புரு பதிவிறக்க,
Dropbox Access Token,டிராப்பாக்ஸ் அணுகல் டோக்கன்,
Dropbox Settings,டிராப்பாக்ஸ் அமைப்புகள்,
Dropdowns,கீழிறங்கும்,
Due Date,காரணம் தேதி,
Due Date Based On,காரணமாக தேதி அடிப்படையில்,
Duration,காலம்,
Dynamic Filters,டைனமிக் வடிப்பான்கள்,
Dynamic Filters JSON,டைனமிக் வடிப்பான்கள் JSON,
Dynamic Filters Section,டைனமிக் வடிப்பான்கள் பிரிவு,
Dynamic Link,டைனமிக் இணைப்பு,
Dynamic Report Filters,டைனமிக் அறிக்கை வடிப்பான்கள்,
Dynamic Route,டைனமிக் பாதை,
Dynamic Template,டைனமிக் வார்ப்புரு,
Edit,தொகு,
Edit Values,மதிப்புகளைத் திருத்து,
Editable Grid,திருத்தும்படி கட்டம்,
Eg. smsgateway.com/api/send_sms.cgi,உதாரணம். smsgateway.com / API / send_sms.cgi,
Email,மின்னஞ்சல்,
Email Account,மின்னஞ்சல் கணக்கு,
Email Account Name,மின்னஞ்சல் கணக்கு பெயர்,
Email Address,மின்னஞ்சல் முகவரி,
Email Address whose Google Contacts are to be synced.,Google தொடர்புகள் ஒத்திசைக்கப்பட வேண்டிய மின்னஞ்சல் முகவரி.,
Email Addresses,மின்னஞ்சல் முகவரிகள்,
Email Domain,மின்னஞ்சல் களம்,
Email Flag Queue,மின்னஞ்சல் கொடி கியூ,
Email Footer Address,மின்னஞ்சல் அடிக்குறிப்பு முகவரி,
Email Group,மின்னஞ்சல் குழு,
Email Group Member,மின்னஞ்சல்  குழு உறுப்பினர்,
Email ID,மின்னஞ்சல் முகவரி,
Email IDs,மின்னஞ்சல் ஐடிகள்,
Email Id,மின்னஞ்சல் ஐடி,
Email Inbox,மின்னஞ்சல் இன்பாக்ஸ்,
Email Queue,மின்னஞ்சல் வரிசை,
Email Queue Recipient,மின்னஞ்சல் வரிசை பெறுநரின்,
Email Queue records.,மின்னஞ்சல் வரிசையில் பதிவுகள்.,
Email Reply Help,மின்னஞ்சல் பதில் உதவி,
Email Rule,மின்னஞ்சல் விதி,
Email Sent,மின்னஞ்சல் அனுப்பப்பட்டது,
Email Settings,மின்னஞ்சல் அமைப்புகள்,
Email Signature,மின்னஞ்சல் கையொப்பம்,
Email Status,மின்னஞ்சல் நிலைமை,
Email Sync Option,மின்னஞ்சல் ஒத்திசைவு விருப்பம்,
Email Template,மின்னஞ்சல் டெம்ப்ளேட்,
Email To,மின்னஞ்சல்,
Email Unsubscribe,மின்னஞ்சல் சந்தா நீக்கம்,
Emails will be sent with next possible workflow actions,அடுத்த சாத்தியமான பணிப்பாய்வு செயல்களுடன் மின்னஞ்சல்கள் அனுப்பப்படும்,
Enable,இயக்கு,
Enable Auto Reply,வாகன பதில் இயக்கு,
Enable Automatic Backup,தானியங்கு காப்புப் பிரதிவை இயக்கு,
Enable Automatic Linking in Documents,ஆவணங்களில் தானியங்கி இணைப்பை இயக்கு,
Enable Comments,கருத்துரைகளை இயக்கு,
Enable Email Notifications,மின்னஞ்சல் அறிவிப்புகளை இயக்கு,
Enable Google Indexing,Google அட்டவணையை இயக்கு,
Enable In App Website Tracking,பயன்பாட்டு வலைத்தள கண்காணிப்பை இயக்கு,
Enable Incoming,உள்வரும் இயக்கு,
Enable Onboarding,ஒன்போர்டிங் இயக்கவும்,
Enable Outgoing,வெளிச்செல்லும் இயக்கு,
Enable Password Policy,கடவுச்சொல் கொள்கை இயக்கு,
Enable Print Server,அச்சு சேவையகத்தை இயக்கு,
Enable Raw Printing,மூல அச்சிடலை இயக்கு,
Enable Scheduled Jobs,திட்டமிட்ட வேலைகள் இயக்கு,
Enable Security,பாதுகாப்பை இயக்கு,
Enable Social Login,சமூக உள்நுழைவை இயக்கு,
Enable Social Sharing,சமூக பகிர்வை இயக்கு,
Enable Two Factor Auth,இரு காரணி அங்கீகாரத்தை இயக்கு,
Enabled,இயலுமைப்படுத்த,
End Date,இறுதி நாள்,
End Date Field,முடிவு தேதி புலம்,
Endpoint URL,இறுதி URL,
Endpoints,இறுதிப்புள்ளிகள்,
Ends on,முனைகளில்,
Energy Point,எனர்ஜி பாயிண்ட்,
Energy Point Log,எனர்ஜி பாயிண்ட் பதிவு,
Energy Point Rule,எனர்ஜி பாயிண்ட் விதி,
Energy Point Settings,எனர்ஜி பாயிண்ட் அமைப்புகள்,
Energy Points,ஆற்றல் புள்ளிகள்,
Enter Form Type,படிவம் வகை உள்ளிடவும்,
"Enter default value fields (keys) and values. If you add multiple values for a field, the first one will be picked. These defaults are also used to set ""match"" permission rules. To see list of fields, go to ""Customize Form"".","இயல்புநிலை மதிப்பு துறைகள் (விசைகளை) மற்றும் மதிப்புகள் உள்ளிடவும். நீங்கள் ஒரு துறையில் பல மதிப்புகள் சேர்க்க என்றால், முதல் ஒரு எடுத்தார்கள். இந்த இயல்புநிலைக்கு கூட &quot;போட்டியில்&quot; அனுமதி விதிகளை அமைக்க பயன்படுத்தப்படுகின்றன. துறைகள் பட்டியல் பார்க்க, &quot;தனிப்பயனாக்கு படிவம்&quot; சென்று.",
"Enter static url parameters here (Eg. sender=ERPNext, username=ERPNext, password=1234 etc.)","இங்கே நிலையான URL அளவுருக்கள் (எ.கா. அனுப்புநர் = ERPNext, பயனர்பெயர் = ERPNext, கடவுச்சொல்லை = 1234 முதலியன) உள்ளிடவும்",
Enter url parameter for message,செய்தி இணைய அளவுரு உள்ளிடவும்,
Enter url parameter for receiver nos,ரிசீவர் இலக்கங்கள் URL ஐ அளவுரு உள்ளிடவும்,
Error,பிழை,
Error Log,பிழை பதிவு,
Error Message,பிழை செய்தி,
Event,சம்பவம்,
Event Category,நிகழ்வு வகை,
Event Participants,நிகழ்வு பங்கேற்பாளர்கள்,
Event Type,நிகழ்வு வகை,
Everyone,அனைவரும்,
"Ex: ""colors"": [""#d1d8dd"", ""#ff5858""]","எ.கா: &quot;வண்ணங்கள்&quot;: [&quot;# d1d8dd&quot;, &quot;# ff5858&quot;]",
Example,உதாரணம்,
"Example: ""/desk""",எடுத்துக்காட்டு: &quot;/ மேசை&quot;,
Example: #Tree/Account,எடுத்துக்காட்டு: # மரம் / கணக்கு,
Example: 00001,எடுத்துக்காட்டு: 00001,
Example: {{ subject }},எடுத்துக்காட்டு: {{பொருள்}},
Excel,எக்செல்,
Exception,விதிவிலக்கு,
Execute,செயல்படுத்த,
Expert,நிபுணர்,
Expiration time,காலாவதியாகும் நேரம்,
Expire Notification On,அன்று அறிவித்தல் காலாவதி,
Expired,காலாவதியான,
Expires In,காலாவதியாகிறது,
Expires On,அன்று காலாவதியாகிறது,
Expiry time of QR Code Image Page,QR குறியீடு படத்தின் காலாவதியாகும் நேரம்,
Export,ஏற்றுமதி,
Export From,இருந்து ஏற்றுமதி,
Expose Recipients,பெற்றவர்கள் அம்பலப்படுத்த,
"Expression, Optional","எக்ஸ்பிரஷன், விருப்ப",
Facebook,முகபுத்தகம்,
Failed,தோல்வி,
FavIcon,ஃபேவிகான்,
Fax,தொலைநகல்,
Featured,சிறப்பு,
Feedback,கருத்து,
Feedback Request,கருத்து வேண்டுகோள்,
Fetch From,இருந்து எடு,
Field,களம்,
Field Description,புலம் விளக்கம்,
Field Name,புலம் பெயர்,
Field To Check,சரிபார்க்க புலம்,
Field Type,புலம் வகை,
"Field that represents the Workflow State of the transaction (if field is not present, a new hidden Custom Field will be created)","(புலம் இல்லை என்றால், ஒரு புதிய மறைக்கப்பட்ட தனிப்பயன் புலம் உருவாக்கப்படும்) பரிமாற்றத்தின் பணியோட்ட மாநிலம் பிரதிபலிக்கிறது என்று புலம்",
Field to Track,கண்காணிக்க புலம்,
Fieldname,புலம் பெயர்,
Fields,புலங்கள்,
Fields Multicheck,புலங்கள் Multicheck,
"Fields separated by comma (,) will be included in the ""Search By"" list of Search dialog box","கமா பிரிக்கப்பட்ட புலங்கள் (,) சேர்க்கப்பட வேண்டும் தேடல் உரையாடல் பெட்டி பட்டியலில் &quot;மூலம் தேட&quot;",
Fieldtype,துறை வகை,
File,கோப்பு,
File Backup,கோப்பு காப்பு,
File Information,கோப்பு தகவல்,
File Name,கோப்பு பெயர்,
File Size,கோப்பு அளவு,
File Type,கோப்பு வகை,
File URL,கோப்பு URL,
Files,கோப்புகள்,
Filter Data,வடிகட்டி தரவு,
Filter List,வடிகட்டி பட்டியல்,
Filter Meta,மெட்டா வடிகட்டி,
Filter Name,வடிப்பான் பெயர்,
Filter Values,வடிகட்டி மதிப்புகள்,
Filters,வடிகட்டிகள்,
Filters Configuration,வடிப்பான்கள் உள்ளமைவு,
Filters Display,வடிகட்டிகள் காட்சி,
Filters JSON,வடிப்பான்கள் JSON,
Filters Section,வடிப்பான்கள் பிரிவு,
"Filters will be accessible via <code>filters</code>. <br><br>Send output as <code>result = [result]</code>, or for old style <code>data = [columns], [result]</code>","வடிப்பான்கள் <code>filters</code> வழியாக அணுகப்படும்.<br><br> வெளியீட்டை <code>result = [result]</code> அல்லது பழைய பாணி <code>data = [columns], [result]</code> என அனுப்பவும்",
Finished,முடிந்தது,
First Name,முதல் பெயர்,
First Success Message,முதல் வெற்றி செய்தி,
Flag,கொடி,
Float,மிதப்பதற்கு,
Float Precision,துல்லிய மிதப்பதற்கு,
Fold,மடி,
Folder,அடைவு,
Font,எழுத்துரு,
Font Properties,எழுத்துரு பண்புகள்,
Font Size,எழுத்துரு அளவு,
Fonts,எழுத்துருக்கள்,
Footer,அடிக்குறிப்பு,
Footer HTML,அடிக்குறிப்பு HTML,
Footer Items,அடிக்குறிப்பு உருப்படிகள்,
Footer Logo,அடிக்குறிப்பு லோகோ,
Footer Template,அடிக்குறிப்பு வார்ப்புரு,
Footer Template Values,அடிக்குறிப்பு வார்ப்புரு மதிப்புகள்,
Footer will display correctly only in PDF,அடிக்குறிப்பு PDF இல் மட்டுமே சரியாகக் காண்பிக்கப்படும்,
For DocType Link / DocType Action,டாக் டைப் இணைப்பு / டாக் டைப் செயலுக்கு,
For Document Event,ஆவண நிகழ்வுக்காக,
For User,பயனர்,
For Value,மதிப்பு,
For example: {} Open,எடுத்துக்காட்டாக:}} திற,
"For help see <a href=""https://frappeframework.com/docs/user/en/guides/portal-development/web-forms"" target=""_blank"">Client Script API and Examples</a>","உதவிக்கு <a href=""https://frappeframework.com/docs/user/en/guides/portal-development/web-forms"" target=""_blank"">கிளையண்ட் ஸ்கிரிப்ட் API மற்றும் எடுத்துக்காட்டுகளைப் பார்க்கவும்</a>",
"For more information, <a class=""text-muted"" href=""https://erpnext.com/docs/user/manual/en/setting-up/email/linking-emails-to-document"">click here</a>.","மேலும் தகவலுக்கு, <a class=""text-muted"" href=""https://erpnext.com/docs/user/manual/en/setting-up/email/linking-emails-to-document"">இங்கே கிளிக் செய்க</a> .",
Force,படை,
Force Show,படை காட்டு,
Force User to Reset Password,கடவுச்சொல்லை மீட்டமைக்க பயனரை கட்டாயப்படுத்தவும்,
Form Settings,படிவம் அமைப்புகள்,
Form URL-Encoded,படிவம் URL- குறியாக்கம்,
Format,வடிவம்,
Format Data,தரவு வடிவமைப்பு,
Forward To Email Address,முன்னோக்கி மின்னஞ்சல் முகவரியை,
Fraction,பின்னம்,
Fraction Units,பின்னம் அலகுகள்,
Frappe,Frappe,
Frequency,அதிர்வெண்,
Friday,வெள்ளி,
From,இருந்து,
From Date,தேதி,
From Date Field,தேதி புலத்திலிருந்து,
From Full Name,முழு பெயர்,
From User,பயனரிடமிருந்து,
Full,முழு,
Full Name,முழு பெயர்,
Full Width,முழு அகலம்,
Function,செயல்பாடு,
GMail,ஜிமெயில்,
Gantt,காண்ட்,
Gender,பாலினம்,
Generate Keys,விசைகளை உருவாக்கவும்,
Geo,ஜியோ,
Geolocation,புவியியல்,
Get Contacts,தொடர்புகள் கிடைக்கும்,
Get your globally recognized avatar from Gravatar.com,Gravatar.com உங்கள் உலக அளவில் அங்கீகரிக்கப்பட்ட சின்னம் செய்யவும்,
Git Branch,கிட் கிளை,
GitHub,மகிழ்ச்சியா,
Global Search DocType,உலகளாவிய தேடல் டாக் டைப்,
Global Search Settings,உலகளாவிய தேடல் அமைப்புகள்,
Global Unsubscribe,குளோபல் குழுவிலகலைப்,
Go to Page,பக்கத்திற்கு செல்,
Google,கூகிள்,
Google Analytics Anonymize IP,கூகிள் அனலிட்டிக்ஸ் ஐபி அநாமதேயமாக்குகிறது,
Google Analytics ID,கூகுள் அனலிட்டிக்ஸ் ஐடி,
Google Calendar,Google கேலெண்டர்,
Google Calendar Event ID,Google கேலெண்டர் நிகழ்வு ஐடி,
Google Calendar ID,Google Calendar ID,
Google Contacts,Google தொடர்புகள்,
Google Contacts Id,Google தொடர்புகள் ஐடி,
Google Drive,Google இயக்ககம்,
Google Font,கூகிள் எழுத்துரு,
Google Settings,Google அமைப்புகள்,
Google Snippet Preview,Google துணுக்கு முன்னோட்டம்,
Grant Type,கிராண்ட் வகை,
Green,பச்சை,
Group,குழு,
Group By,குழு மூலம்,
Group By Based On,அடிப்படையில் குழு,
Group By Type,வகை மூலம் குழு,
Guest,விருந்தினர்,
HH:mm,ஹெச்ஹெச்: மிமீ,
HH:mm:ss,ஹெச்ஹெச் நிமிடம்: வினாடி,
HTML,"HTML,",
HTML Editor,HTML எடிட்டர்,
HTML Page,HTML பக்கம்,
HTML for header section. Optional,தலைப்பு பகுதியில் HTML ஐ . விருப்ப,
Half,அரை,
Half Yearly,அரையாண்டு,
Half-yearly,அரையாண்டு,
Has  Attachment,இணைப்பு உள்ளது,
Has Domain,டொமைன் உள்ளது,
Has Role,பங்கு உள்ளது,
Has Web View,இணையப் பார்வை உள்ளது,
Header,தலைவர்,
Header HTML,தலைப்பு HTML,
Header and Breadcrumbs,தலைப்பு மற்றும் பிரட்தூள்களில் நனைக்கப்பட்டு,
Headers,தலைப்புகளிலும்,
Heading,தலைப்பு,
Heatmap,வெப்ப வரைபடம்,
Help,உதவி,
Help Article,உதவிக் கட்டுரை,
Help Articles,உதவி கட்டுரைகள்,
Help Category,உதவி பகுப்பு,
Help Dropdown,கீழ்தோன்றலுக்கு உதவுங்கள்,
Help HTML,HTML உதவி,
Helvetica,ஹெல்வெடிகா,
Hidden,மறைத்து,
Hide,மறை,
Hide Block,தொகுதி மறை,
Hide Border,எல்லையை மறை,
Hide CTA,CTA ஐ மறைக்க,
Hide Copy,நகல் மறைக்க,
Hide Custom DocTypes and Reports,தனிப்பயன் ஆவண வகைகள் மற்றும் அறிக்கைகளை மறைக்கவும்,
Hide Days,நாட்களை மறை,
Hide Footer Signup,அடிக்குறிப்பு இணைந்ததற்கு மறை,
Hide Login,உள்நுழைவை மறைக்க,
Hide Seconds,விநாடிகளை மறை,
Hide Standard Menu,தரமான பட்டி மறை,
Hide footer in auto email reports,கார் மின்னஞ்சல் அறிக்கையில் முடிப்பு மறை,
High,உயர்,
Higher priority rule will be applied first,அதிக முன்னுரிமை விதி முதலில் பயன்படுத்தப்படும்,
Highlight,சிறப்புக்கூறு,
Home,வீட்டில்,
Home Page,முகப்பு பக்கம்,
Home Settings,வீட்டு அமைப்புகள்,
Hourly,மணிக்கொருமுறை,
Hourly Long,மணிநேர நீண்ட,
Hourly rate limit for generating password reset links,கடவுச்சொல் மீட்டமைப்பு இணைப்புகளை உருவாக்குவதற்கான மணிநேர வீத வரம்பு,
"How should this currency be formatted? If not set, will use system defaults","எப்படி இந்த நாணய வடிவமைக்க வேண்டும்? அமைக்கவில்லை எனில், கணினி இயல்புநிலைகளை பயன்படுத்தும்",
ID (name) of the entity whose property is to be set,அதன் சொத்து அமைக்க வேண்டும் நிறுவனம் ஐடி (பெயர்),
IP Address,ஐபி முகவரி,
Icon,ஐகான்,
Icon will appear on the button,ஐகான் பொத்தானை தோன்றும்,
Identity Details,அடையாள விவரங்கள்,
Idx,அச்சுக்கோப்புகளை வாசிக்க,
"If Apply Strict User Permission is checked and User Permission is defined for a DocType for a User, then all the documents where value of the link is blank, will not be shown to that User","விண்ணப்பிக்கவும் கண்டிப்பு பயனர் அனுமதி என்பது தேர்வுசெய்யப்பட்டுள்ளதையும் பயனர் அனுமதி ஒரு பயனர் ஒரு DOCTYPE வரையறுக்கப்படுகிறது என்றால், இணைப்பு மதிப்பு வெற்று, அதில் அனைத்து ஆவணங்கள், என்று பயனர் காண்பிக்கப்பட மாட்டா",
If Checked workflow status will not override status in list view,உட்புகுதல் முறையை நிலையை பட்டியலில் பார்வையில் நிலையை புறக்கணிக்க மாட்டேன் என்றால்,
"If Icon is set, it will be shown instead of Label","ஐகான் அமைக்கப்பட்டால், அது லேபிளுக்கு பதிலாக காண்பிக்கப்படும்",
"If checked, all other workflows become inactive.","சரி என்றால், அனைத்து பிற பணிப்பாய்வுகளும் செயலற்று போகும்.",
"If checked, users will not see the Confirm Access dialog.","தேர்ந்தெடுக்கப்பட்டால், பயனர்கள் அணுகலை உறுதிப்படுத்த உரையாடல் பார்க்க முடியாது.",
"If disabled, this role will be removed from all users.","முடக்கப்பட்டுள்ளது என்றால், இந்த பங்கு அனைத்து பயனர்கள் இருந்து நீக்கப்படும்.",
"If enabled,  user can login from any IP Address using Two Factor Auth, this can also be set for all users in System Settings","இயக்கப்பட்டால், பயனர் இரண்டு காரணி அங்கீகாரத்தைப் பயன்படுத்தி எந்த ஐபி முகவரியிலிருந்தும் உள்நுழைய முடியும், இது கணினி அமைப்புகளில் உள்ள அனைத்து பயனர்களுக்கும் அமைக்கப்படலாம்",
"If enabled, all users can login from any IP Address using Two Factor Auth. This can also be set only for specific user(s) in User Page","இயக்கப்பட்டால், அனைத்து பயனர்களும் இரண்டு காரணி அங்கீகாரத்தைப் பயன்படுத்தி எந்த IP முகவரியிலிருந்து உள்நுழையலாம். இந்த பயனர் பக்கம் குறிப்பிட்ட பயனர் (கள்) மட்டுமே அமைக்க முடியும்",
"If enabled, changes to the document are tracked and shown in timeline","இயக்கப்பட்டால், ஆவணத்தில் மாற்றங்கள் கண்காணிக்கப்பட்டு காலவரிசையில் காட்டப்படும்",
"If enabled, document views are tracked, this can happen multiple times","இயக்கப்பட்டால், ஆவணக் காட்சிகள் கண்காணிக்கப்படும், இது பல முறை நிகழலாம்",
"If enabled, the document is marked as seen, the first time a user opens it","இயக்கப்பட்டால், ஆவணம் பார்த்தபடி குறிக்கப்படுகிறது, முதல் முறையாக ஒரு பயனர் அதைத் திறக்கிறார்",
"If enabled, the notification will show up in the notifications dropdown on the top right corner of the navigation bar.","இயக்கப்பட்டிருந்தால், வழிசெலுத்தல் பட்டியின் மேல் வலது மூலையில் உள்ள அறிவிப்புகள் கீழ்தோன்றலில் அறிவிப்பு காண்பிக்கப்படும்.",
"If enabled, the password strength will be enforced based on the Minimum Password Score value. A value of 2 being medium strong and 4 being very strong.","இயக்கப்பட்டால், கடவுச்சொல்லை வலிமை குறைந்தபட்ச கடவுச்சொல் ஸ்கோர் மதிப்பு அடிப்படையில் வைக்கமுடியும். 2 ஒரு மதிப்பு நடுத்தர வலுவான இருப்பது மற்றும் 4 மிக வலுவான இருப்பது.",
"If enabled, users who login from Restricted IP Address, won't be prompted for Two Factor Auth","இயக்கப்பட்டிருந்தால், வரையறுக்கப்பட்ட IP முகவரிக்கு உள்நுழைய பயனர்கள் இரண்டு கார்ட்டர் Auth க்கு கேட்கப்படமாட்டார்கள்",
"If enabled, users will be notified every time they login. If not enabled, users will only be notified once.","இயக்கப்பட்டால், பயனர் அவர்கள் உள்நுழைய ஒவ்வொரு முறையும் அறிவிக்கப்படும். இயக்கப்படவில்லை, பயனர்கள் ஒரு முறை மட்டுமே அறிவிக்கப்படும்.",
If non standard port (e.g. 587),நீங்கள் அல்லாத நிலையான துறை (எ.கா. 587),
"If non standard port (e.g. 587). If on Google Cloud, try port 2525.","அல்லாத நிலையான துறை (எ.கா. 587). Google கிளவுட் இல் இருந்தால், போர்ட் 2525 ஐ முயற்சிக்கவும்.",
"If non-standard port (e.g. POP3: 995/110, IMAP: 993/143)","தரமற்ற போர்ட் என்றால் (எ.கா. POP3: 995/110, IMAP: 993/143)",
"If not set, the currency precision will depend on number format","அமைக்கவில்லை எனில், நாணய துல்லியம் எண் வடிவத்தை பொறுத்து அமையும்",
"If the user has any role checked, then the user becomes a ""System User"". ""System User"" has access to the desktop","பயனர் சோதித்ததில் எந்த பங்கு உண்டு என்றால், பயனர் ஒரு &quot;அமைப்பு பயனர்&quot; ஆகிறது. &quot;கணினி பயனர்&quot; டெஸ்க்டாப் அணுகல் உள்ளது",
If user is the owner,பயனர் உரிமையாளர் என்றால்,
"If you set this, this Item will come in a drop-down under the selected parent.","நீங்கள் இந்த அமைக்க என்றால், இந்த பொருள் தேர்வு பெற்றோர் கீழ் ஒரு துளி கீழே வரும் .",
"If your data is in HTML, please copy paste the exact HTML code with the tags.","உங்கள் தரவு HTML இல் இருக்கிறது என்றால், குறிச்சொற்களை சரியான HTML குறியீட்டை நகலெடுத்து ஒட்டவும் நகல் தயவு செய்து.",
Ignore User Permissions,பயனர் அனுமதிகள் புறக்கணி,
Ignore XSS Filter,XSS என வடிகட்டி புறக்கணி,
Ignore attachments over this size,இந்த அளவு மேல் இணைப்புகளை புறக்கணி,
Ignored Apps,புறக்கணிக்கப்பட்ட பயன்பாடுகள்,
Image,படம்,
Image Field,படத்தை துறையில்,
Image Link,படம் இணைப்பு,
Implicit,உள்ளார்ந்த,
Import,இறக்குமதி பொருள்கள்,
Import File,கோப்பை இறக்குமதி செய்க,
Import File Errors and Warnings,கோப்பு பிழைகள் மற்றும் எச்சரிக்கைகளை இறக்குமதி செய்க,
Import Log,புகுபதிகை இறக்குமதி,
Import Log Preview,பதிவு முன்னோட்டத்தை இறக்குமதி செய்க,
Import Preview,முன்னோட்டத்தை இறக்குமதி செய்க,
Import Type,இறக்குமதி வகை,
Import Warnings,இறக்குமதி எச்சரிக்கைகள்,
Import from Google Sheets,Google தாள்களிலிருந்து இறக்குமதி செய்க,
In Days,நாட்களில்,
In Filter,வடிகட்டி உள்ள,
In Global Search,குளோபல் சர்ச்,
In List View,பட்டியல் பார்வை,
In Preview,முன்னோட்டத்தில்,
In Reply To,பதில்,
In Standard Filter,தர வடிகட்டி உள்ள,
In points. Default is 9.,புள்ளிகள். இயல்புநிலை 9 ஆகிறது.,
In seconds,விநாடிகளில்,
Inbox,உட்பெட்டி,
Inbox User,இன்பாக்ஸ் பயனர்,
Include Search in Top Bar,சிறந்த பட்டியில் உள்ள தேடல் அடங்கும்,
Include Web View Link in Email,மின்னஞ்சலில் ஆவண வலை பார்வை இணைப்பை அனுப்பவும்,
Index,குறியீட்டெண்,
Index Web Pages for Search,தேடலுக்கான வலைப்பக்கங்கள்,
Indexing Authorization Code,குறியீட்டு அங்கீகார குறியீடு,
Indexing Refresh Token,குறியீட்டு புதுப்பிப்பு டோக்கன்,
Indicator,காட்டி,
Indicator Color,காட்டி வண்ணம்,
Info,தகவல்,
Initial Sync Count,ஆரம்ப ஒத்திசைவு கவுண்ட்,
InnoDB,InnoDB என்ற,
Insert After,பிறகு செருகு,
Insert New Records,புதிய பதிவுகளைச் செருகவும்,
Insert Style,பாணி  செருக,
Installed Application,நிறுவப்பட்ட பயன்பாடு,
Installed Applications,நிறுவப்பட்ட பயன்பாடுகள்,
Int,முகப்பு,
Integration Request,ஒருங்கிணைப்பு வேண்டுகோள்,
Integrations,ஒருங்கிணைவுகளையும்,
Integrations can use this field to set email delivery status,ஒருங்கிணைவுகளையும்- மின்னஞ்சல் வீச்சு நிலையை அமைக்க இந்த துறையில் பயன்படுத்த முடியும்,
Interests,ஆர்வம்,
Intermediate,இடைநிலை,
Internal record of document shares,ஆவணம் பங்குகள் உள் சாதனை,
Introduce your company to the website visitor.,இணைய பார்வையாளர் உங்கள் நிறுவனம் அறிமுகம்.,
Introduction,அறிமுகப்படுத்துதல்,
Introductory information for the Contact Us Page,எங்களை பக்கம் ஒரு அறிமுக தகவல்,
Invalid,தவறான,
Inverse,தலைகீழான,
Is Active,செயலில் உள்ளது,
Is Attachments Folder,இணைப்புகள் அடைவு,
Is Billing Contact,பில்லிங் தொடர்பு,
Is Child Table,குழந்தைகள் அட்டவணை உள்ளது,
Is Complete,முடிந்தது,
Is Completed,நிறைவுபெற்றது,
Is Custom Field,தனிப்பயன் புலம்,
Is Default,இயல்புநிலை,
Is Folder,அடைவு,
Is Home Folder,முகப்பு அடைவு,
Is Mandatory Field,இன்றியமையாதது ஆகும்,
Is Optional State,விருப்ப நிலை,
Is Primary,முதன்மை,
Is Primary Contact,முதன்மை தொடர்பு,
Is Primary Mobile,முதன்மை மொபைல்,
Is Primary Phone,முதன்மை தொலைபேசி,
Is Private,தனியார்,
Is Public,பொது,
Is Published Field,களம் வெளியிடப்பட்ட,
Is Single,ஒற்றை உள்ளது,
Is Skipped,தவிர்க்கப்பட்டது,
Is Spam,பழுதான உள்ளது,
Is Standard,ஸ்டாண்டர்ட் உள்ளது,
Is Submittable,சமர்ப்பிக்க,
Is Table,அட்டவணை உள்ளது,
Is Tree,மரம்,
Is Unique,தனித்துவமானது,
Is Your Company Address,உங்கள் நிறுவனத்தின் முகவரி,
Item Label,பொருள் லேபிள்,
Item Type,பொருள் வகை,
JS,JS,
JSON,JSON,
JSON Request Body,JSON கோரிக்கை உடல்,
JavaScript,ஜாவா ஸ்கிரிப்ட்,
JavaScript Format: frappe.query_reports['REPORTNAME'] = {},ஜாவா வடிவம்: frappe.query_reports [' REPORTNAME '] = { },
Javascript,ஜாவாஸ்கிரிப்ட்,
Jinja,ஜின்ஜாவில்,
Kanban,கான்பன்,
Kanban Board,கான்பன் வாரியம்,
Kanban Board Column,கான்பன் வாரியம் வரிசை,
Kanban Board Name,கான்பன் வாரியம் பெயர்,
Keep track of all update feeds,அனைத்து புதுப்பிப்பு ஓடைகளையும் கண்காணியுங்கள்,
Keeps track of all communications,எல்லா தகவல்தொடர்புகளையும் கண்காணிக்கும்,
Key,சாவி,
Keyboard Shortcuts,விசைப்பலகை குறுக்குவழிகள்,
Knowledge Base Contributor,அறிவு தளம் பங்களிப்பாளர்,
Knowledge Base Editor,அறிவு தளம் ஆசிரியர்,
LDAP Email Field,"LDAP, மின்னஞ்சல் களம்",
LDAP First Name Field,"LDAP, முதல் பெயர் களம்",
LDAP Group,LDAP குழு,
LDAP Group Field,LDAP குழு புலம்,
LDAP Group Mapping,LDAP குழு மேப்பிங்,
LDAP Group Mappings,LDAP குழு மேப்பிங்ஸ்,
LDAP Last Name Field,LDAP கடைசி பெயர் புலம்,
LDAP Middle Name Field,LDAP மத்திய பெயர் புலம்,
LDAP Mobile Field,LDAP மொபைல் புலம்,
LDAP Phone Field,LDAP தொலைபேசி புலம்,
LDAP Search String,"LDAP, தேடல் சரம்",
LDAP Security,LDAP பாதுகாப்பு,
LDAP Server Url,LDAP சேவையகம் Url ஐ,
LDAP Settings,LDAP அமைப்புகள்,
LDAP User Creation and Mapping,LDAP பயனர் உருவாக்கம் மற்றும் மேப்பிங்,
LDAP Username Field,"LDAP, பயனர் பெயர் களம்",
Label,சிட்டை,
Label Help,லேபிள் உதவி,
Label and Type,லேபிள் மற்றும் வகை,
Landing Page,இறங்கும் பக்கம்,
Language,மொழி,
Language Code,மொழி குறியீடு,
Language Name,மொழி பெயர்,
Last Active,செயலில் கடந்த,
Last Backup On,கடைசி காப்புப்பிரதி இயக்கப்பட்டது,
Last Execution,கடைசி மரணதண்டனை,
Last IP,கடந்த ஐபி,
Last Known Versions,கடைசியாக அறிந்த பதிப்புகள்,
Last Login,கடைசியாக உட்சென்ற தேதி,
Last Month,கடந்த மாதம்,
Last Name,கடந்த பெயர்,
Last Password Reset Date,கடைசி கடவுச்சொல் மீட்டமை தேதி,
Last Point Allocation Date,கடைசி புள்ளி ஒதுக்கீடு தேதி,
Last Quarter,கடந்த காலாண்டில்,
Last Sync On,கடைசி ஒத்திசைவு,
Last Synced On,கடைசியாக ஒத்திசைக்கப்பட்டது,
Last User,கடைசி பயனர்,
Last Week,கடந்த வாரம்,
Last Year,கடந்த ஆண்டு,
Lead Conversion Time,மாற்ற நேரம் எடு,
Leaderboard,முன்னிலை,
Leave blank to repeat always,எப்போதும் மீண்டும் காலியாக விடவும்,
Ledger,பேரேடு,
Left,விட்டு,
Legal,சட்ட,
Length,நீளம்,
Letter,கடிதம்,
Letter Head,கடிதம் தலைமை,
Letter Head Based On,கடிதம் தலை அடிப்படையில்,
Letter Head Image,கடிதம் தலை படம்,
Letter Head Name,கடிதம் தலைமை பெயர்,
Letter Head in HTML,HTML இல் கடிதம் தலைமை,
Level,நிலை,
Level Name,நிலை பெயர்,
License,உரிமம்,
Light Color,ஒளி நிறம்,
Like,பிடிக்கும்,
Likes,விருப்பு,
Limit,அளவு,
Limit Number of DB Backups,DB காப்புப்பதிவுகளின் வரம்பு எண்,
Line,வரி,
Link,இணைப்பு,
Link Cards,இணைப்பு அட்டைகள்,
Link DocType,இணைப்பு \nஆவண வகை,
Link Document Type,இணைப்பு ஆவண வகை,
Link Fieldname,இணைப்பு புலம் பெயர்,
Link Name,இணைப்பு பெயர்,
Link Title,இணைப்பு தலைப்பு,
Link To,இணைப்பு,
Link to the page you want to open. Leave blank if you want to make it a group parent.,நீங்கள் திறக்க வேண்டும் பக்கம் இணையுங்கள். நீங்கள் அதை ஒரு குழு பெற்றோர் செய்ய வேண்டும் என்றால் காலியாக விடவும்.,
Linked,இணைக்கப்பட்ட,
Linked Documents,இணைக்கப்பட்ட ஆவணங்கள்,
Links,இணைப்புகள்,
List,பட்டியலில்,
List Filter,பட்டியல் வடிகட்டி,
List Settings,பட்டியல் அமைப்புகள்,
List View Settings,பட்டியல் காட்சி அமைப்புகள்,
"List as [{""label"": _(""Jobs""), ""route"":""jobs""}]","[{: _ ( &quot;வேலைகள்&quot;), &quot;பாதை&quot;: &quot;வேலைகள்&quot; &quot;லேபிள்&quot;}] என பட்டியல்",
List of patches executed,இணைப்பினை பட்டியல் தூக்கிலிடப்பட்டார்,
Load Balancing,சுமை சமநிலை,
Location,இடம்,
Log,புகுபதிகை,
Log Data,பதிவு தரவு,
Log Setting User,பதிவு அமைத்தல் பயனர்,
Log Settings,பதிவு அமைப்புகள்,
Login,உள் நுழை,
Login After,உள்நுழைவு பின்னர்,
Login Before,உள்நுழைவு முன்,
Login Required,உள்நுழைவு தேவை,
Logo Width,லோகோ அகலம்,
Logout,வெளியேறு,
Logout All Sessions on Password Reset,கடவுச்சொல் மீட்டமைப்பில் அனைத்து அமர்வுகளையும் வெளியேற்றவும்,
Logout From All Devices After Changing Password,கடவுச்சொல்லை மாற்றிய பின் எல்லா சாதனங்களிலிருந்தும் வெளியேறு,
Long Text,நீண்ட உரை,
Low,குறைந்த,
Main Section,முக்கிய பகுதி,
Main Section (HTML),முதன்மை பிரிவு (HTML),
Main Section (Markdown),முதன்மை பிரிவு (மார்க் டவுன்),
Maintenance Manager,பராமரிப்பு மேலாளர்,
Maintenance User,பராமரிப்பு பயனர்,
"Make ""name"" searchable in Global Search",&quot;பெயர்&quot; மேக் குளோபல் தேடுதல் தேடலுக்குரியதாகி,
Mandatory,அதிகாரம் சார்ந்த,
Mandatory Depends On,கட்டாயத்தைப் பொறுத்தது,
Map route parameters into form variables. Example <code>/project/&lt;name&gt;</code>,படிவ மாறிகள் வரைபட பாதை அளவுருக்கள். எடுத்துக்காட்டு <code>/project/&lt;name&gt;</code>,
Markdown,Markdown,
Markdown Editor,மார்க் டவுன் எடிட்டர்,
Marked As Spam,Spam எனக் குறிக்கப்பட்டது,
Max 500 records at a time,ஒரு நேரத்தில் அதிகபட்சம் 500 பதிவுகள்,
Max Attachment Size (in MB),மேக்ஸ் இணைப்பு அளவு (MB யில்),
Max Attachments,அதிகபட்சம்  இணைப்புகள்,
Max Length,அதிகபட்ச நீளம்,
Max Value,அதிகபட்சம் மதிப்பு,
Maximum,அதிகபட்சம்,
Maximum Number of Fields,புலங்களின் அதிகபட்ச எண்ணிக்கை,
Maximum Points,அதிகபட்ச புள்ளிகள்,
Medium,ஊடகம்,
Meeting,சந்தித்தல்,
Mention,குறிக்கப்பட்டது,
Mentions,குறிப்பிடுகிறார்,
Message,செய்தி,
Message (HTML),செய்தி (HTML),
Message (Markdown),செய்தி (மார்க் டவுன்),
Message Examples,செய்தி எடுத்துக்காட்டுகள்,
Message ID,செய்தி ஐடி,
Message Parameter,செய்தி அளவுரு,
Message-id,செய்தி ஐடி,
Meta Description,மெட்டா விளக்கம்,
Meta Image,மெட்டா படம்,
Meta Tags,மெட்டா குறிச்சொற்கள்,
Meta Title,மெட்டா தலைப்பு,
Method,வகை,
Middle Name,மத்திய பெயர்,
Milestone,மைல் கல்,
Milestone Tracker,மைல்கல் டிராக்கர்,
Minimum,குறைந்தபட்சம்,
Minimum Password Score,குறைந்தபட்ச கடவுச்சொல் ஸ்கோர்,
Mobile No,மொபைல்  எண்,
Module,தொகுதி,
Module Def,தொகுதி டெப்,
Module Name,தொகுதி பெயர்,
Module Onboarding,தொகுதி போர்ட்போர்டிங்,
Modules HTML,"தொகுதிகள், HTML",
Monday,திங்கட்கிழமை,
Monospace,மோனோஸ்பேஸ்,
Monthly,மாதாந்தர,
Monthly Long,மாதாந்திர நீண்டது,
More Information,மேலும் தகவல்,
More content for the bottom of the page.,பக்கம் கீழே அதிக உள்ளடக்கம்.,
Multiplier Field,பெருக்கி புலம்,
Must be a publicly accessible Google Sheets URL,பொதுவில் அணுகக்கூடிய Google Sheets URL ஆக இருக்க வேண்டும்,
"Must be of type ""Attach Image""",&quot;படத்தை இணைக்கவும்&quot; வகை இருக்க வேண்டும்,
Mute Sounds,ஒலிகளை முடக்கு,
MyISAM,MyISAM,
Name,பெயர்,
Naming,பெயரிடுதல்,
Naming Series,தொடர் பெயரிடும்,
Navbar,நவ்பார்,
Navbar Item,நவ்பார் பொருள்,
Navbar Settings,நவ்பார் அமைப்புகள்,
Navbar Template,நவ்பார் வார்ப்புரு,
Navbar Template Values,நவ்பார் வார்ப்புரு மதிப்புகள்,
New,புதியது,
New Name,புதிய பெயர்,
New value to be set,புதிய மதிப்பு அமைக்க,
Newsletter,செய்தி மடல்,
Newsletter Email Group,செய்திமடல் மின்னஞ்சல் குழு,
Newsletter Manager,செய்திமடல் மேலாளர்,
Next Action Email Template,அடுத்த அதிரடி மின்னஞ்சல் டெம்ப்ளேட்,
Next Actions HTML,அடுத்த செயல்கள் HTML,
Next Schedule Date,அடுத்த அட்டவணை தேதி,
Next State,அடுத்த மாநிலம்,
Next Sync Token,அடுத்த ஒத்திசைவு டோக்கன்,
No,இல்லை,
No Copy,நகல் இல்லை,
No of Requested SMS,கோரப்பட்ட எஸ்எம்எஸ் இல்லை,
No of Rows (Max 500),வரிசைகளின் எண்ணிக்கை (அதிகபட்சம் 500),
No of Sent SMS,அனுப்பப்பட்டது எஸ்எம்எஸ் எண்ணிக்கை,
Non Negative,எதிர்மறை அல்ல,
None,யாரும்,
Not Sent,அனுப்பப்படவில்லை.,
Note,குறிப்பு,
Note Seen By,பார்க்கப்படுகிறது குறிப்பு,
Note: By default emails for failed backups are sent.,குறிப்பு: தோல்வியுற்ற காப்புப்பிரதிகளுக்கான இயல்புநிலை மின்னஞ்சல்கள் அனுப்பப்படுகின்றன.,
"Note: For best results,  images must be of the same size and width must be greater than height.","குறிப்பு: சிறந்த முடிவுகளுக்கு, படங்கள் ஒரே அளவு மற்றும் அகலம் உயரத்தை விட அதிகமாக இருக்க வேண்டும்.",
Note: Multiple sessions will be allowed in case of mobile device,குறிப்பு: பல அமர்வுகள் மொபைல் சாதனத்தில் வழக்கில் அனுமதிக்கப்பட மாட்டாது,
Notification,அறிவித்தல்,
Notification Log,அறிவிப்பு பதிவு,
Notification Recipient,அறிவிப்பு பெறுநர்,
Notification Settings,அறிவிப்பு அமைப்புகள்,
Notification Subscribed Document,அறிவிப்பு சந்தா ஆவணம்,
Notifications,அறிவிப்புகள்,
Notifications and bulk mails will be sent from this outgoing server.,அறிவிப்புகள் மொத்தமாக மின்னஞ்சல்கள் பகிரங்கப்படுத்தப்படாது சர்வரில் இருந்து அனுப்பப்படும்.,
Notify Users On Every Login,ஒவ்வொரு உள்நுழைய பயனர் தெரிவி,
Notify by Email,மின்னஞ்சல் மூலம் அறிவிக்கவும்,
Notify by email,மின்னஞ்சல் மூலம் அறிவிக்குமாறு,
Notify if unreplied,பதில் இல்லை என்றால் தெரிவி,
Notify if unreplied for (in mins),(நிமிடங்கள்) க்கான பதில் இல்லை தெரிவிக்கப்படும்,
Notify users with a popup when they log in,அவர்கள் உள்நுழைந்து போது ஒரு popup பயனர்கள் தெரிவி,
Number Card,எண் அட்டை,
Number Card Link,எண் அட்டை இணைப்பு,
Number Cards,எண் அட்டைகள்,
Number Format,எண் வடிவமைப்பு,
Number of Backups,காப்பு எண்ணிக்கை,
Number of DB Backups,DB காப்புப்பதிவுகளின் எண்ணிக்கை,
Number of Groups,குழுக்களின் எண்ணிக்கை,
Number of columns for a field in a Grid (Total Columns in a grid should be less than 11),ஒரு கட்டம் ஒரு வயலுக்கு பத்திகள் எண்ணிக்கை (ஒரு கட்டம் மொத்த பத்திகள் 11 விட குறைவாக இருக்க வேண்டும்),
Number of columns for a field in a List View or a Grid (Total Columns should be less than 11),ஒரு பட்டியல் காட்சி அல்லது ஒரு கட்டம் ஒரு வயலுக்கு பத்திகள் எண்ணிக்கை (மொத்த பத்திகள் 11 விட குறைவாக இருக்க வேண்டும்),
OAuth Authorization Code,அறிந்திருந்தால் அங்கீகார குறியீடு,
OAuth Bearer Token,OAuth பியரின் டோக்கன்,
OAuth Client,OAuth \nவாடிக்கையாளர்,
OAuth Client ID,OAuth கிளையண்ட் ஐடி,
OAuth Provider Settings,OAuth \nவழங்குநர் அமைப்புகள்,
OTP App,OTP பயன்பாடு,
OTP Issuer Name,OTP வழங்குபவர் பெயர்,
Off,முடக்கு,
Office,அலுவலகம்,
Office 365,அலுவலகம் 365,
Older backups will be automatically deleted,பழைய காப்பு தானாகவே நீக்கப்படும்,
On Hold,பிடி,
Onboarding Permission,உள்நுழைவு அனுமதி,
Onboarding Step,உள்நுழைவு படி,
Onboarding Step Map,உள்நுழைவு படி வரைபடம்,
"Once submitted, submittable documents cannot be changed. They can only be Cancelled and Amended.","சமர்ப்பித்ததும், சமர்ப்பிக்கக்கூடிய ஆவணங்களை மாற்ற முடியாது. அவை ரத்து செய்யப்பட்டு திருத்தப்பட முடியும்.",
Only Allow Edit For,திருத்து  மட்டும் அனுமதி,
Only Send Records Updated in Last X Hours,ரெக்கார்ட்ஸ் மட்டும் கடைசி எக்ஸ் ஹவர்ஸ்சில் புதுப்பிக்கப்பட்ட அனுப்பு,
Open,திறந்த,
Open Documents,திறந்த ஆவணங்கள்,
Open Reference Document,குறிப்பு ஆவணம் திறக்கவும்,
Open URL in a New Tab,புதிய தாவலில் URL ஐத் திறக்கவும்,
Open a dialog with mandatory fields to create a new record quickly,புதிய பதிவை விரைவாக உருவாக்க கட்டாய புலங்களுடன் உரையாடலைத் திறக்கவும்,
Opened,திறக்கப்பட்ட,
Operation,ஆபரேஷன்,
Optional: Always send to these ids. Each Email Address on a new row,விருப்ப: எப்போதும் இந்த ஐடிகள் அனுப்ப. ஒரு புதிய வரிசையில் ஒவ்வொரு மின்னஞ்சல் முகவரி,
Optional: The alert will be sent if this expression is true,விருப்பப்பட்ட: இந்த கருத்து உண்மையாக இருந்தால் எச்சரிக்கை அனுப்பப்படும்,
Options,விருப்பங்கள்,
Options Help,விருப்பங்கள் உதவி,
Orange,ஆரஞ்சு,
Order,ஆணை,
Org History,org வரலாறு,
Org History Heading,Org வரலாறு தலைப்பு,
Other,வேறு,
Outlook.com,Outlook.com,
Output,வெளியீடு,
PDF Page Size,PDF பக்கம் அளவு,
PDF Settings,PDF அமைப்புகள்,
Page,பக்கம்,
Page Break,பக்கம் பிரேக்,
Page Builder,பக்க கட்டடம்,
Page Building Blocks,பக்க கட்டட தொகுதிகள்,
Page HTML,பக்கம் HTML,
Page Name,பக்கம் பெயர்,
Page Settings,பக்க அமைப்புகள்,
Parameter,அளவுரு,
Parent Field (Tree),பெற்றோர் புலம் (மரம்),
Parent Label,பெற்றோர் லேபிள்,
Partial Success,பகுதி வெற்றி,
Participants,பங்கேற்பாளர்கள்,
Passive,மந்தமான,
Password,கடவுச்சொல்,
Password Reset Link Generation Limit,கடவுச்சொல் இணைப்பு தலைமுறை வரம்பை மீட்டமை,
Password for Base DN,பேஸ் டி.என் கடவுச்சொல்,
Patch,சிறு நிலம்,
Patch Log,இணைப்பு புகுபதிகை,
Path,பாதை,
Path to CA Certs File,CA சான்றிதழ்கள் கோப்புக்கான பாதை,
Path to Server Certificate,சேவையக சான்றிதழுக்கான பாதை,
Path to private Key File,தனிப்பட்ட விசை கோப்புக்கான பாதை,
Pending,முடிவுபெறாத,
Pending Approval,நிலுவையிலுள்ள ஒப்புதல்,
Pending Verification,சரிபார்ப்பு நிலுவையில் உள்ளது,
Percent,சதவீதம்,
Percentage,சதவிதம்,
Period,காலம்,
Perm Level,நிலை PERM,
Permanent,நிரந்தர,
Permission Level,அனுமதி நிலை,
Permission Rules,அனுமதி விதிமுறைகள்,
Permissions,அனுமதிகள்,
Permitted Documents For User,பயனர் அனுமதிக்கப்பட்ட ஆவணங்கள்,
Personal,தனிப்பட்ட,
Personal Data Deletion Request,தனிப்பட்ட தரவு நீக்குதல் கோரிக்கை,
Personal Data Download Request,தனிப்பட்ட தரவு பதிவிறக்க கோரிக்கை,
Phone,தொலைபேசி,
Phone No.,தொலைபேசி எண்,
Phone Number,தொலைபேசி எண்,
Pie,பை,
Pincode,ப ன்ேகா,
Plant,தாவரம்,
Point Allocation Periodicity,புள்ளி ஒதுக்கீடு காலம்,
Points,புள்ளிகள்,
Port,துறைமுகம்,
Portal Menu,போர்டல் பட்டி,
Portal Menu Item,போர்டல் மெனு உருப்படி,
Portal Settings,போர்டல் அமைப்புகள்,
Position,நிலை,
Postal,தபால் அலுவலகம் சார்ந்த,
Postal Code,அஞ்சல் குறியீடு,
Precision,துல்லிய,
Preferred Billing Address,விருப்பமான பில்லிங் முகவரி,
Preferred Shipping Address,விருப்பமான கப்பல் முகவரி,
Prefix,முற்சேர்க்கை,
Prepared Report,தயாரிக்கப்பட்ட அறிக்கை,
Prepared Report User,தயாரிக்கப்பட்ட அறிக்கை பயனர்,
Preview,முன்னோட்டம்,
Preview HTML,முன்னோட்ட HTML,
Preview Message,முன்னோட்ட செய்தி,
Previous Hash,முந்தைய ஹாஷ்,
Primary,முதல்,
Primary Color,முதன்மை நிறம்,
Print,அச்சிடுக,
Print Format,வடிவமைப்பு அச்சிட,
Print Format Builder,அச்சு வடிவம் பில்டர்,
Print Format Help,அச்சு வடிவம் உதவி,
Print Format Type,வடிவமைப்பு வகை அச்சிட,
Print Hide,மறை அச்சிட,
Print Hide If No Value,அச்சு மறை என்றால் இல்லை மதிப்பு,
Print Server,அச்சு சேவையகம்,
Print Settings,அச்சு அமைப்புகள்,
Print Style,அச்சு உடை,
Print Style Name,அச்சு பெயரை அச்சிடு,
Print Style Preview,அச்சு உடை முன்னோட்டம்,
Print UOM after Quantity,அளவுக்குப் பிறகு UOM ஐ அச்சிடுக,
Print Width,அச்சு அகலம்,
"Print Width of the field, if the field is a column in a table","துறையில் ஒரு அட்டவணை ஒரு பத்தியில், துறையில் அகலம் Print",
Print taxes with zero amount,பூஜ்யம் அளவு கொண்ட வரிகளை அச்சிடு,
Print with letterhead,லெட்டர் அச்சிட,
Printer Name,அச்சுப்பொறி பெயர்,
Printing,அச்சிடுதல்,
Priority,முதன்மை,
Private,தனிப்பட்ட,
ProTip: Add <code>Reference: {{ reference_doctype }} {{ reference_name }}</code> to send document reference,ProTip: சேர் <code>Reference: {{ reference_doctype }} {{ reference_name }}</code> அனுப்ப ஆவணக் குறிப்பு,
Property,சொத்து,
Property Depends On,சொத்து சார்ந்தது,
Property Setter,சொத்து செட்டர்,
Property Setter overrides a standard DocType or Field property,சொத்து செட்டர் ஒரு நிலையான DOCTYPE அல்லது களம் சொத்து மீறப்படகிறது,
Property Type,சொத்து வகை,
Provider,வழங்குநர்,
Provider Name,வழங்குபவர் பெயர்,
Public,பொது,
Publish,வெளியிடு,
Published,வெளியிடப்பட்ட,
Published On,ம் தேதி வெளியிடப்பட்ட,
Pull from Google Calendar,Google கேலெண்டரிலிருந்து இழுக்கவும்,
Pull from Google Contacts,Google தொடர்புகளிலிருந்து இழுக்கவும்,
Pulled from Google Calendar,Google கேலெண்டரிலிருந்து இழுக்கப்பட்டது,
Pulled from Google Contacts,Google தொடர்புகளிலிருந்து இழுக்கப்பட்டது,
Purchase Manager,கொள்முதல் மேலாளர்,
Purchase Master Manager,கொள்முதல் மாஸ்டர் மேலாளர்,
Purchase User,கொள்முதல் பயனர்,
Purple,ஊதா,
Push to Google Calendar,Google காலெண்டருக்கு தள்ளவும்,
Push to Google Contacts,Google தொடர்புகளுக்கு தள்ளவும்,
Quarterly,கால் ஆண்டுக்கு ஒரு முறை நிகழ்கிற,
Query,வினா,
Query / Script,வினவல் / ஸ்கிரிப்ட்,
Query Options,கேள்வி விருப்பங்கள்,
Query Report,கேள்வி அறிக்கை,
Queued,வரிசைப்படுத்திய,
Quick Entry,விரைவு நுழைவு,
RAW Information Log,ரா தகவல் பதிவு,
Random,சீரற்ற,
Rating,மதிப்பீடு,
Raw Commands,மூல கட்டளைகள்,
Raw Email,ரா மின்னஞ்சல்,
Raw Printing,மூல அச்சிடுதல்,
Read,வாசிக்க,
Read Only,படிக்க மட்டும்,
Read Only Depends On,படிக்க மட்டும் சார்ந்துள்ளது,
Read Time,நேரம் படிக்க,
Read by Recipient,பெற்றோரால் படிக்கவும்,
Read by Recipient On,பெறுநரால் படிக்கவும்,
Reason,காரணம்,
Received,பெற்றார்,
Receiver By Document Field,ஆவண புலம் மூலம் பெறுநர்,
Receiver By Role,பங்கு மூலம் பெறுநர்,
Receiver Parameter,பெறுனர்  அளவுரு,
Recipient,பெறுபவர்,
Recipient Unsubscribed,குழுவிலகப்பட்டது பெற்றவர்,
Recipients,பெறுநர்கள்,
Recorder,ரெக்கார்டர்,
Red,சிவப்பு,
Redirect URI Bound To Auth Code,URI இனை அங்கீகார குறியீடு திருப்பி கட்டுண்ட,
Redirect URIs,URI களை திசைதிருப்பு,
Redirect URL,URL ஐ திருப்பி,
Ref DocType,Ref டாக்டைப்பின்,
Reference,குறிப்பு,
Reference Date,குறிப்பு தேதி,
Reference DocName,குறிப்பு DocName,
Reference DocType,குறிப்பு டாக் டைப்,
Reference Docname,குறிப்பு DocName,
Reference Doctype,குறிப்பு Doctype,
Reference Document,குறிப்பு ஆவண,
Reference Document Name,குறிப்பு ஆவணம் பெயர்,
Reference Document Type,குறிப்பு ஆவண வகை,
Reference Name,குறிப்பு பெயர்,
Reference Owner,குறிப்பு உரிமையாளர்,
Reference Report,குறிப்பு அறிக்கை,
Reference Type,குறிப்பு வகை,
Reference name,குறிப்பு பெயர்,
Referrer,பரிந்துரைப்பவர்,
Refresh Google Sheet,Google தாளைப் புதுப்பிக்கவும்,
Refresh Token,புதுப்பிப்பு டோக்கன்,
Rejected,நிராகரிக்கப்பட்டது,
Relinked,மீண்டும் இணைக்கப்பட்டது,
Reload,Reload,
Remember Last Selected Value,கடைசியாக தேர்வு மதிப்பு நினைவில்,
Reminder,நினைவூட்டல்,
Repeat On,ஆன் செய்யவும்,
Repeat Till,வரை மீண்டும்,
Repeat on Day,நாளில் திரும்பவும்,
Repeat on Last Day of the Month,மாதத்தின் கடைசி நாளில் மீண்டும் செய்யவும்,
Repeat this Event,இந்த நிகழ்வு மீண்டும்,
Replied,பதில்,
Reply,பதில்,
Report,புகார்,
Report Builder,அறிக்கை பில்டர்,
Report Column,அறிக்கை நெடுவரிசை,
Report Description,அறிக்கை விளக்கம்,
Report Filter,அறிக்கை வடிகட்டி,
Report Filters,அறிக்கை வடிகட்டிகள்,
Report Hide,மறை அறிக்கை,
Report Information,தகவலைப் புகாரளிக்கவும்,
Report Manager,அறிக்கை மேலாளர்,
Report Name,அறிக்கை பெயர்,
Report Reference Doctype,குறிப்பு குறிப்பு ஆவணத்தைப் புகாரளிக்கவும்,
Report Type,வகை புகார்,
Reports,அறிக்கைகள்,
Represents a User in the system.,அமைப்பு ஒரு பயனர் பிரதிபலிக்கிறது.,
Represents the states allowed in one document and role assigned to change the state.,மாநில மாற்ற ஒதுக்கப்படும் ஒரு ஆவணம் மற்றும் பங்கு அனுமதி மாநிலங்களில் குறிக்கிறது.,
Request Data,தரவு கோரிக்கை,
Request Structure,கோரிக்கை அமைப்பு,
Request URL,URL ஐ கேட்கவும்,
Requested Numbers,கோரப்பட்ட எண்கள்,
Require Trusted Certificate,நம்பகமான சான்றிதழ் தேவை,
Reset Password Key,கடவுச்சொல் முக்கிய மீட்டமை,
Response,பதில்,
Response Type,பதில் வகை,
Restored,மீட்டெடுத்தது,
Restrict IP,ஐபி கட்டுப்படுத்த,
Restrict To Domain,டொமைன் வரையறுக்க,
Restrict to Domain,களத்தில் இருப்பவர்களுக்குத் கட்டுப்படுத்து,
Restrict user from this IP address only. Multiple IP addresses can be added by separating with commas. Also accepts partial IP addresses like (111.111.111),இந்த ஐபி முகவரியை இருந்து பயனர் கட்டுப்படுத்த. பல ஐபி முகவரிகள் கமாவால் பிரித்து சேர்க்க முடியும். மேலும் போன்ற பகுதி ஐபி முகவரிகள் (111.111.111) ஏற்றுக்கொள்கிறார்,
Retry,மீண்டும் முயற்சி செய்,
Reverse Icon Color,Icon கலர் பின்னோக்கு,
Revert,மாற்றியமை,
Revert Of,திரும்பவும்,
Reverted,க்கப்பட்டது,
Review,விமர்சனம்,
Review Level,மதிப்பாய்வு நிலை,
Review Levels,மதிப்பாய்வு நிலைகள்,
Review Points,மதிப்பாய்வு புள்ளிகள்,
Revoked,திரும்பப் பெறப்பட்டது,
Rich Text,உரை,
Right,சரியான,
Robots.txt,robots.txt,
Role,பங்கு,
Role Name,பங்கு பெயர்,
Role Permission for Page and Report,பேஜ் மற்றும் அறிக்கைக்காக பங்கு அனுமதி,
Role Permissions,அனுமதிகள்,
Role Permissions Manager,பங்கு அனுமதிகள் மேலாளர்,
Role Profile,பங்கு விவரக்குறிப்பு,
Role and Level,பங்கு மற்றும் நிலை,
Roles,பாத்திரங்கள்,
Roles Assigned,ஒதுக்கப்பட்ட பாத்திரங்கள்,
Roles HTML,பாத்திரங்கள் HTML,
Roles Html,பாத்திரங்கள் HTML,
Round Robin,சுற்று ராபின்,
Route,பாதை,
Route History,வழி வரலாறு,
Route Redirects,பாதை வழிமாற்றுகள்,
"Route: Example ""/desk""",பாதை: எடுத்துக்காட்டு &quot;/ மேசை&quot;,
Row Index,வரிசை அட்டவணை,
Row Name,வரிசை பெயர்,
Rows Added,வரிசைகள் சேர்க்கப்பட்டது,
Rows Removed,வரிசைகள் நீக்கப்பட்ட,
Rule,விதி,
Rule Conditions,விதி நிபந்தனைகள்,
Rule Name,விதி பெயர்,
Rules defining transition of state in the workflow.,பணியோட்டம் அரசு மாற்றம் வரையறுக்கும் விதிகள்.,
"Rules for how states are transitions, like next state and which role is allowed to change state etc.",மாநிலங்களில் அடுத்த மாநில மற்றும் அதில் பங்கு போன்ற மாற்றங்கள் எப்படி விதிகளை அரசு பல மாற்றலாம்,
Rules with higher priority number will be applied first.,அதிக முன்னுரிமை எண் கொண்ட விதிகள் முதலில் பயன்படுத்தப்படும்.,
Run Jobs only Daily if Inactive For (Days),செயலற்றதாக இருந்தால் (நாட்கள்) தினமும் மட்டுமே வேலைகளை இயக்கவும்,
Run scheduled jobs only if checked,சோதனை மட்டுமே திட்டமிட்ட வேலைகள் இயக்கவும்,
S3 Backup Settings,S3 காப்பு அமைப்பு,
S3 Bucket Details,எஸ் 3 பக்கெட் விவரங்கள்,
SMS,எஸ்எம்எஸ்,
SMS Gateway URL,எஸ்எம்எஸ் வாயில் URL,
SMS Log,எஸ்எம்எஸ் புகுபதிகை,
SMS Parameter,எஸ்எம்எஸ் அளவுரு,
SMS Settings,SMS அமைப்புகள்,
SMTP Settings for outgoing emails,வெளியேறும் மின்னஞ்சல்கள் SMTP அமைப்புகள்,
"SQL Conditions. Example: status=""Open""",எல் நிபந்தனைகள். உதாரணம்: நிலையை = &quot;திறந்த&quot;,
SSL/TLS Mode,SSL / TLS பயன்முறை,
Sales Manager,விற்பனை மேலாளர்,
Sales Master Manager,விற்பனை மாஸ்டர் மேலாளர்,
Sales User,விற்பனை பயனர்,
Salesforce,விற்பனைக்குழு,
Salutation,வணக்கம் தெரிவித்தல்,
Sample,மாதிரி,
Saturday,சனிக்கிழமை,
Save,சேமிக்கவும்,
Scheduled,திட்டமிடப்பட்ட,
Scheduled Job,திட்டமிடப்பட்ட வேலை,
Scheduled Job Log,திட்டமிடப்பட்ட வேலை பதிவு,
Scheduled Job Type,திட்டமிடப்பட்ட வேலை வகை,
Scheduled To Send,அனுப்ப திட்டமிடப்பட்டுள்ளது,
Scheduler Event,திட்டமிடல் நிகழ்வு,
Scope,நோக்கம்,
Scopes,நோக்கங்கள்,
Script,ஸ்கிரிப்ட்,
Script Manager,ஸ்கிரிப்ட் மேலாளர்,
Script Report,ஸ்கிரிப்ட் அறிக்கை,
Script Type,ஸ்கிரிப்ட் வகை,
Script to attach to all web pages.,ஸ்கிரிப்ட் பக்கங்களை இணைக்க.,
Search Fields,தேடல் புலங்கள்,
Search Priorities,முன்னுரிமைகளைத் தேடுங்கள்,
Section,பிரிவு,
Section Break,பகுதி பிரேக்,
Security Settings,பாதுகாப்பு அமைப்புகள்,
Seen,ஸீன்,
Seen By,பார்க்கப்பட்டது,
Seen By Table,அட்டவணை மூலம் காணலாம்,
Select,தேர்ந்தெடு,
Select Dashboard,டாஷ்போர்டைத் தேர்ந்தெடுக்கவும்,
Select Date Range,தேதி வரம்பைத் தேர்ந்தெடுக்கவும்,
Select DocType,DOCTYPE தேர்வு,
Select Doctype,DocType ஐத் தேர்ந்தெடுக்கவும்,
Select Transaction,பரிவர்த்தனை தேர்வு,
Select an image of approx width 150px with a transparent background for best results.,சிறந்த முடிவுகளை ஒரு வெளிப்படையான பின்னணி கொண்ட சுமார் அகலம் 150px ஒரு படத்தை தேர்ந்தெடுக்கவும்.,
Select the label after which you want to insert new field.,நீங்கள் புதிய துறையில் சேர்க்க வேண்டும் பின்னர் லேபிள் தேர்வு.,
Send After,பிறகு அனுப்பவும்,
Send Alert On,எச்சரிக்கை அனுப்பவும்,
Send Email Alert,மின்னஞ்சல் விழிப்பூட்டலை அனுப்பவும்,
Send Email Print Attachments as PDF (Recommended),PDF ஆக மின்னஞ்சல் அச்சிடுக இணைப்புகளை அனுப்ப (பரிந்துரைக்கப்படுகிறது),
Send Email for Successful Backup,வெற்றிகரமான காப்புப்பிரதிக்கு மின்னஞ்சல் அனுப்பவும்,
Send Email for Successful backup,வெற்றிகரமான காப்புப்பிரதிக்கு மின்னஞ்சல் அனுப்பவும்,
Send Me A Copy of Outgoing Emails,அனுப்புதல் மின்னஞ்சல்களின் ஒரு நகலை அனுப்புங்கள்,
Send Notification To,அறிவிப்பு அனுப்ப,
Send Notification to,அறிவிப்பை அனுப்பு,
Send Notifications For Documents Followed By Me,என்னைப் பின்தொடர்ந்த ஆவணங்களுக்கான அறிவிப்புகளை அனுப்பவும்,
Send Notifications For Email Threads,மின்னஞ்சல் நூல்களுக்கு அறிவிப்புகளை அனுப்பவும்,
Send Notifications To,அறிவிப்புகளை அனுப்பவும்,
Send Print as PDF,என அச்சு அனுப்பவும் PDF,
Send System Notification,கணினி அறிவிப்பை அனுப்பவும்,
Send To All Assignees,அனைத்து ஒதுக்கீட்டாளர்களுக்கும் அனுப்புங்கள்,
Send Unsubscribe Link,அனுப்பவும் குழுவிலகல் இணைப்பு,
Send Welcome Email,மின்னஞ்சல் வரவேற்கிறோம் அனுப்பவும்,
Send alert if date matches this field's value,தேதி இந்த துறையில் மதிப்பு பொருந்தும் என்றால் எச்சரிக்கை அனுப்பவும்,
Send alert if this field's value changes,எச்சரிக்கை அனுப்பவும் இந்த துறையில் மதிப்பு மாற்றங்கள் என்றால்,
Send an email reminder in the morning,காலையில் ஒரு நினைவூட்டல் மின்னஞ்சலை அனுப்ப,
Send days before or after the reference date,முன் அல்லது குறிப்பு தேதி பின்னர் நாட்கள் அனுப்பவும்,
Send enquiries to this email address,இந்த மின்னஞ்சல் முகவரியை விசாரணைகள் அனுப்பவும்,
Send only if there is any data,எந்த தரவு இருந்தால் மட்டுமே அனுப்பவும்,
Send unsubscribe message in email,அனுப்பவும் மின்னஞ்சல் சந்தாவிலகு செய்தி,
Sender,அனுப்புபவர்,
Sender Email,அனுப்புநர் மின்னஞ்சல்,
Sender Name,அனுப்புநர் பெயர்,
Sendgrid,Sendgrid,
Sending,அனுப்புகிறது,
Sent,அனுப்பப்பட்டது,
Sent On,அன்று அனுப்பப்பட்டது,
Sent Read Receipt,அனுப்பப்பட்டது படித்ததற்கான சான்று,
Sent To,அனுப்பப்படும்,
Sent or Received,அனுப்பப்படும் அல்லது பெறப்படும்,
Sent/Received Email,மின்னஞ்சல் அனுப்பப்பட்டது / பெற்றது,
Separator,பிரிப்பான்,
Sequence Id,வரிசை ஐடி,
Series List for this Transaction,இந்த பரிவர்த்தனை தொடர் பட்டியல்,
Server Action,சேவையக செயல்,
Server IP,சேவையக ஐபி,
Server Script,சேவையக ஸ்கிரிப்ட்,
Service,சேவை,
Session Default,அமர்வு இயல்புநிலை,
Session Default Settings,அமர்வு இயல்புநிலை அமைப்புகள்,
Session Defaults,அமர்வு இயல்புநிலைகள்,
Set Banner from Image,பட இருந்து பதாகை அமைக்க,
"Set Default Options for all charts on this Dashboard (Ex: ""colors"": [""#d1d8dd"", ""#ff5858""])","இந்த டாஷ்போர்டில் உள்ள அனைத்து விளக்கப்படங்களுக்கும் இயல்புநிலை விருப்பங்களை அமைக்கவும் (எ.கா: &quot;வண்ணங்கள்&quot;: [&quot;# d1d8dd&quot;, &quot;# ff5858&quot;])",
Set New Password,புதிய கடவுச்சொல்லை,
Set Property After Alert,எச்சரிக்கை பிறகு குணம் அமைத்தல்,
Set Role For,அதே கதாபாத்திரத்தை அமை,
Set Value,மதிப்பு அமைக்க,
Set non-standard precision for a Float or Currency field,ஒரு மிதவை அல்லது நாணய துறையில் அமைக்க தரமற்ற துல்லியமான,
Settings,அமைப்புகள்,
Settings Dropdown,அமைப்புகள் கீழிறங்கும்,
Settings for Contact Us Page,எங்களை பக்கம் அமைப்புகள்,
Settings for the About Us Page,பற்றி எங்களை பக்கம் அமைப்புகளை,
Setup,அமைப்பு முறை,
Setup Complete,அமைப்பு முழு,
Setup Wizard,அமைவு வழிகாட்டி,
Share,பகிர்,
Shared,பகிரப்பட்ட,
Shipping,கப்பல் வாணிபம்,
Shop,ஷாப்பிங்,
Short Name,குறுகிய பெயர்,
Shortcuts,குறுக்குவழிகள்,
Show Attachments,இணைப்புகள் காட்டு,
Show Dashboard,டாஷ்போர்டைக் காட்டு,
Show Document,ஆவணத்தைக் காட்டு,
Show Failed Logs,தோல்வியுற்ற பதிவுகளைக் காட்டு,
Show Form Tour,படிவம் சுற்றுப்பயணத்தைக் காட்டு,
Show Full Error and Allow Reporting of Issues to the Developer,முழு பிழை காட்டு மற்றும் உருவாக்குநரிடம் சிக்கல்களின் அறிக்கையிடல் அனுமதி,
Show Full Form?,முழு படிவத்தைக் காண்பிக்கவா?,
Show Line Breaks after Sections,பிரிவுகள் பிறகு வரி காட்டு பிரேக்ஸ்,
Show Percentage Stats,சதவீத புள்ளிவிவரங்களைக் காட்டு,
Show Preview Popup,முன்னோட்டம் பாப்அப்பைக் காட்டு,
Show Report,அறிக்கை காட்டு,
Show Section Headings,பிரிவில் தலைப்புகள் காட்டு,
Show Sidebar,பக்கப்பட்டி காட்டு,
Show Title,தலைப்பு காட்டு,
Show as cc,சிசி காட்டு,
Show full form instead of a quick entry modal,விரைவான நுழைவு முறைக்கு பதிலாக முழு படிவத்தைக் காட்டு,
Show in Module Section,தொகுதி பிரிவில் காட்டு,
Show in filter,வடிப்பான் காட்டு,
Show percentage difference according to this time interval,இந்த நேர இடைவெளிக்கு ஏற்ப சதவீத வேறுபாட்டைக் காட்டு,
"Show title in browser window as ""Prefix - title""",உலாவி சாளரத்தில் நிகழ்ச்சியின் தலைப்பு &quot;வள் - தலைப்பு&quot;,
Sidebar Items,பக்கப்பட்டி பொருட்கள்,
Sidebar Settings,பக்கப்பட்டி அமைப்புகள்,
Sidebar and Comments,பக்கப்பட்டி மற்றும் கருத்துக்கள்,
Signature,கையொப்பம்,
"Simple Python Expression, Example: Status in (""Closed"", ""Cancelled"")","எளிய பைதான் வெளிப்பாடு, எடுத்துக்காட்டு: நிலை (&quot;மூடப்பட்டது&quot;, &quot;ரத்து செய்யப்பட்டது&quot;)",
"Simple Python Expression, Example: Status in (""Invalid"")","எளிய பைதான் வெளிப்பாடு, எடுத்துக்காட்டு: நிலை (&quot;தவறானது&quot;)",
"Simple Python Expression, Example: status == 'Open' and type == 'Bug'","எளிய பைதான் வெளிப்பாடு, எடுத்துக்காட்டு: நிலை == &#39;திற&#39; மற்றும் தட்டச்சு == &#39;பிழை&#39;",
Simultaneous Sessions,ஒரே நேரத்தில் அமர்வுகள்,
Single Types have only one record no tables associated. Values are stored in tabSingles,ஒற்றை வகைகள் தொடர்புடைய ஒரே ஒரு சாதனையை எந்த அட்டவணைகள் வேண்டும் . கலாச்சாரம் tabSingles சேமிக்கப்படும்,
Skip Authorization,அங்கீகார செல்க,
Skype,ஸ்கைப்,
Slack,ஸ்லாக்,
Slack Channel,ஸ்லாக் சேனல்,
Slack Webhook URL,ஸ்லோக் Webhook URL,
Slideshow,ஸ்லைடுஷோ,
Slideshow Items,எஸ் உருப்படிகள்,
Slideshow Name,எஸ் பெயர்,
Slideshow like display for the website,இணையதளத்தில் காட்சி போன்ற ஸ்லைடு,
Small Text,சிறிய உரை,
Smallest Currency Fraction Value,மிகச்சிறிய நாணய பின்னம் மதிப்பு,
Smallest circulating fraction unit (coin). For e.g. 1 cent for USD and it should be entered as 0.01,மிகச்சிறிய சுற்றும் பகுதியை அலகு (நாணயம்). அது 0.01 உள்ளிட்ட வேண்டும் மற்றும் அமெரிக்க டாலர் எ.கா. 1 சதவீதம்,
Social,சமூக,
Social Link Settings,சமூக இணைப்பு அமைப்புகள்,
Social Link Type,சமூக இணைப்பு வகை,
Social Login Key,சமூக உள்நுழைவு விசை,
Social Login Provider,சமூக உள்நுழை வழங்குநர்,
Social Logins,சமூக உள்நுழைவுகள்,
Soft-Bounced,மென் பவுன்ஸ்டு,
Sort Field,அண்மையில்,
Sort Order,வரிசையை,
Source,மூல,
Source Name,மூல பெயர்,
Source Text,மூலத்தொடர்,
Spam,பழுதான,
SparkPost,SparkPost,
Standard,நிலையான,
Standard Sidebar Menu,ஸ்டாண்டர்ட் பக்கப்பட்டி பட்டி,
Start Date,தொடக்க தேதி,
Start Date Field,தொடக்க தேதி புலம்,
Start Time,தொடக்க நேரம்,
StartTLS,ஸ்டார்ட் TLS,
Started,தொடங்குதல்,
Starts on,தொடங்குகிறது,
State,நிலை,
State/Province,மாநிலம் / மாகாணம்,
States,அமெரிக்கா,
Static Parameters,நிலையான அளவுருக்களை,
Stats,புள்ளிவிவரங்கள்,
Stats Time Interval,புள்ளிவிவரங்கள் நேர இடைவெளி,
Status,அந்தஸ்து,
Step,படி,
Steps,படிகள்,
Stopped,நிறுத்தி,
Stores the JSON of last known versions of various installed apps. It is used to show release notes.,கடைகள் பல்வேறு நிறுவப்பட்ட பயன்பாடுகள் கடைசியாக அறியப்பட்ட பதிப்புகள் எஞ்சினியரிங். அது வெளியீட்டு குறிப்புகள் காட்ட பயன்படுத்தப்படுகிறது.,
Style,உடை,
Style Settings,உடை அமைப்புகள்,
"Style represents the button color: Success - Green, Danger - Red, Inverse - Black, Primary - Dark Blue, Info - Light Blue, Warning - Orange","- பசுமை, ஆபத்து - ரெட், எதிர்மாறான - பிளாக், முதன்மை - டார்க் ப்ளூ, தகவல் - லைட் ப்ளூ, எச்சரிக்கை - ஆரஞ்சு வெற்றி: உடை பொத்தானை நிறம் குறிக்கிறது",
Stylesheet,நடைதாள்,
"Sub-currency. For e.g. ""Cent""",துணை நாணய. உதாரணமாக &quot;செண்ட்&quot; க்கான,
Sub-domain provided by erpnext.com,Erpnext.com வழங்கிய துணை டொமைன்,
Subdomain,சப்டொமைன்,
Subject,பொருள்,
Subject Field,பொருள் புலம்,
Submit,Submit &#39;,
Submit After Import,இறக்குமதி செய்த பிறகு சமர்ப்பிக்கவும்,
Submitted,சமர்ப்பிக்கப்பட்டது,
Subsidiary,உப,
Subtitle,வசன,
Success,வெற்றி,
Success Action,வெற்றி அதிரடி,
Success Message,வெற்றி செய்தி,
Success URL,வெற்றி URL ஐ,
Sum,சம்,
Sunday,ஞாயிற்றுக்கிழமை,
Symbol,அடையாளம்,
Sync,ஒத்திசைவு,
Sync with Google Calendar,Google காலெண்டருடன் ஒத்திசைக்கவும்,
Sync with Google Contacts,Google தொடர்புகளுடன் ஒத்திசைக்கவும்,
System,முறை,
System Console,கணினி கன்சோல்,
System Manager,கணினி மேலாளர்,
System Notification,கணினி அறிவிப்பு,
System Page,சிஸ்டம் பக்கம்,
System Settings,கணினி அமைப்புகள்,
System managers are allowed by default,கணினி நிர்வாகிகள் இயல்பாக அனுமதிக்கப்படுவார்கள்,
Table,மேசை,
Table Break,டேபிள் பிரேக்,
Table HTML,"டேபிள், HTML",
Table MultiSelect,அட்டவணை மல்டிசெலெக்ட்,
Tag,குறிச்சொல்,
Tag Link,டேக் இணைப்பு,
Target,இலக்கு,
Tax Category,வரி வகை,
Team Members,குழு உறுப்பினர்,
Team Members Heading,குழு உறுப்பினர் தலைப்பு,
Template,டெம்ப்ளேட்,
Template Options,வார்ப்புரு விருப்பங்கள்,
Template Warnings,வார்ப்புரு எச்சரிக்கைகள்,
Text,உரை,
Text Align,உரை சீரமை,
Text Color,உரை வண்ணம்,
Text Content,உரை உள்ளடக்க,
Text Editor,உரை திருத்தி,
The name that will appear in Google Calendar,Google Calendar இல் தோன்றும் பெயர்,
The user from this field will be rewarded points,இந்த புலத்திலிருந்து பயனருக்கு வெகுமதி புள்ளிகள் வழங்கப்படும்,
The webhook will be triggered if this expression is true,இந்த வெளிப்பாடு உண்மையாக இருந்தால் வெப்ஹூக் தூண்டப்படும்,
Theme,தீம்,
Theme Configuration,தீம் உள்ளமைவு,
Theme URL,தீம் URL,
These values will be automatically updated in transactions and also will be useful to restrict permissions for this user on transactions containing these values.,இந்த மதிப்புகள் தானாக நடவடிக்கைகளில் புதுப்பிக்கப்படும் மேலும் இந்த மதிப்புகள் கொண்ட பரிமாற்றங்களை இந்த பயனர் அனுமதிகள் கட்டுப்படுத்த பயனுள்ளதாக இருக்கும்.,
Third Party Authentication,மூன்றாவது கட்சி அங்கீகாரம்,
This card will be available to all Users if this is set,இது அமைக்கப்பட்டால் இந்த அட்டை அனைத்து பயனர்களுக்கும் கிடைக்கும்,
This chart will be available to all Users if this is set,இது அமைக்கப்பட்டால் இந்த விளக்கப்படம் அனைத்து பயனர்களுக்கும் கிடைக்கும்,
This format is used if country specific format is not found,நாட்டின் குறிப்பிட்ட வடிவமைப்பில் இல்லை என்றால் இந்த வடிவமைப்பு பயன்படுத்தப்படும்,
This goes above the slideshow.,இந்த காட்சியை மேலே செல்கிறது.,
This is an example Google SERP Preview.,இது Google SERP முன்னோட்டத்திற்கு ஒரு எடுத்துக்காட்டு.,
This is the number of the last created transaction with this prefix,இந்த முன்னொட்டு கடந்த உருவாக்கப்பட்ட பரிவர்த்தனை எண்ணிக்கை,
This will be shown in a modal after routing,ரூட்டிங் செய்த பிறகு இது ஒரு மாதிரியில் காண்பிக்கப்படும்,
This will be shown to the user in a dialog after routing to the report,அறிக்கையை வழிநடத்திய பிறகு இது உரையாடலில் பயனருக்குக் காண்பிக்கப்படும்,
Thumbnail URL,சிறு பட URL,
Thursday,வியாழக்கிழமை,
Time,நேரம்,
Time Format,நேர அமைப்பு,
Time Interval,நேர இடைவேளை,
Time Series,நேரத் தொடர்,
Time Series Based On,நேரத் தொடர் அடிப்படையில்,
Time Zone,நேரம் மண்டல,
Time Zones,நேரம் மண்டலங்கள்,
Time format,நேர அமைப்பு,
Time in seconds to retain QR code image on server. Min:<strong>240</strong>,சேவையகத்தில் QR குறியீடு படத்தை தக்கவைக்க நேரம். குறைந்தபட்சம்: <strong>240</strong>,
Timeline,காலக்கெடு,
Timeline DocType,காலக்கெடு DOCTYPE,
Timeline Field,காலக்கெடு களம்,
Timeline Links,காலவரிசை இணைப்புகள்,
Timeline Name,காலக்கெடு பெயர்,
Timeseries,Timeseries,
Timespan,கால இடைவெளி,
Timestamp,நேர முத்திரை,
Title,தலைப்பு,
Title Field,தலைப்பு புலம்,
Title Prefix,தலைப்பு முன்னொட்டுக்கு,
To,செய்ய,
To Date,தேதி,
To Date Field,தேதி புலம்,
To and CC,மற்றும் சிசி,
"To use Slack Channel, add a <a href=""#List/Slack%20Webhook%20URL/List"">Slack Webhook URL</a>.","ஸ்லாக் சேனலைப் பயன்படுத்த, <a href=""#List/Slack%20Webhook%20URL/List"">ஸ்லாக் வெப்ஹூக் URL ஐச்</a> சேர்க்கவும்.",
ToDo,TODO,
Token,டோக்கன்,
Top,மேலே,
Top Bar Item,மேல் பட்டி உருப்படி,
Top Bar Items,மேல் பட்டி உருப்படிகள்,
Topic,தலைப்பு,
Total Subscribers,மொத்த சந்தாதாரர்கள்,
Total number of emails to sync in initial sync process ,தொடக்க ஒத்திசைவிற்குச் செயல்பாட்டில் ஒத்திசைக்க மின்னஞ்சல்கள் மொத்த எண்,
Traceback,மீண்டும் கண்டுபிடிக்க,
Track Changes,ட்ராக் மாற்றங்கள்,
Track Email Status,மின்னஞ்சல் நிலைமை கண்காணிக்க,
Track Field,ட்ராக் புலம்,
Track Seen,ட்ராக் ஸீன்,
Track Views,ட்ராக் காட்சிகள்,
Track milestones for any document,எந்த ஆவணத்திற்கும் மைல்கற்களைக் கண்காணிக்கவும்,
Transaction Hash,பரிவர்த்தனை ஹாஷ்,
Transaction Log,பரிவர்த்தனை பதிவு,
Transaction Log Report,பரிவர்த்தனை பதிவு அறிக்கை,
Transition Rules,மாற்றம் விதிகள்,
Transitions,மாற்றங்கள்,
Translatable,மொழியாக்கம்,
Translated Text,மொழிபெயர்க்கப்பட்ட உரை,
Translation,மொழிபெயர்ப்பு,
Trash,குப்பைக்கு,
Tree,மரம்,
Tree structures are implemented using Nested Set,மர கட்டமைப்புகள் நெஸ்டட் செட்டைப் பயன்படுத்தி செயல்படுத்தப்படுகின்றன,
Trigger Method,தூண்டிவிடும் முறை,
"Trigger on valid methods like ""before_insert"", ""after_update"", etc (will depend on the DocType selected)","&quot;Before_insert&quot;, &quot;after_update&quot; போன்றவை சரியான முறைகள் தூண்டல் (தேர்வு DOCTYPE சார்ந்தது)",
Tuesday,செவ்வாய்க்கிழமை,
Two Factor Authentication,இரண்டு காரணி அங்கீகாரம்,
Two Factor Authentication method,இரண்டு காரணி அங்கீகார முறை,
Type,மாதிரி,
UID,UID,
UIDNEXT,UIDNEXT,
UIDVALIDITY,UIDVALIDITY ஐ,
UNSEEN,காணாத,
URL,URL ஐ,
URL for documentation or help,ஆவணங்கள் அல்லது உதவிக்கான URL,
URL to go to on clicking the slideshow image,ஸ்லைடுஷோ படத்தைக் கிளிக் செய்வதற்கு செல்ல URL,
Unassign Condition,ஒதுக்கப்படாத நிபந்தனை,
Unhandled Email,கையாளப்படாத மின்னஞ்சல்,
Unique,தனித்த,
Unread,படிக்காத,
Unread Notification Sent,அனுப்பப்பட்டது படிக்காத அறிவிப்பு,
Unshared,பகிர்வுநீக்கப்பட்டது,
Unsubscribe Method,சந்தாவிலகு முறை,
Unsubscribe Param,சந்தாவிலகு பரம்,
Unsubscribed,குழுவிலகப்பட்டது,
Update,புதுப்பிக்க,
Update Existing Records,இருக்கும் பதிவுகளை புதுப்பிக்கவும்,
Update Field,புலம் புதுப்பிக்க,
Update Series Number,மேம்படுத்தல் தொடர் எண்,
Update Settings,அமைப்புகளைப் புதுப்பிக்கவும்,
Update Value,மதிப்பு மேம்படுத்த,
Updated,புதுப்பிக்கப்பட்ட,
Uploaded To Dropbox,டிராப்பாக்ஸ் பதிவேற்றப்பட்டது,
Uploaded To Google Drive,Google இயக்ககத்தில் பதிவேற்றப்பட்டது,
Use % for any non empty value.,எந்த வெற்று மதிப்புக்கும்% பயன்படுத்தவும்.,
Use ASCII encoding for password,கடவுச்சொல்லை பயன்படுத்த ASCII குறியாக்கத்தை பயன்படுத்தவும்,
Use IMAP,பயன்பாட்டு ஐஎம்எபி,
Use POST,POST ஐப் பயன்படுத்துக,
Use Report Chart,அறிக்கை விளக்கப்படத்தைப் பயன்படுத்தவும்,
Use SSL,SSL பயன்படுத்த,
Use TLS,TLS பயன்படுத்தவும்,
Use this fieldname to generate title,தலைப்பு உருவாக்க இந்த FIELDNAME பயன்படுத்தவும்,
User,பயனர்,
User ,பயனர்,
User Agent,பயனர் முகவர்,
User Cannot Create,பயனர் உருவாக்க முடியாது,
User Cannot Search,பயனர் தேட முடியாது,
User Defaults,சுயவிவரத்தை இயல்புநிலைகளுக்கு,
User Details,பயனர் விவரங்கள்,
User Email,பயனர் மின்னஞ்சல்,
User Emails,பயனர் மின்னஞ்சல்கள்,
User Field,பயனர் புலம்,
User ID,பயனர் ஐடி,
User ID Property,பயனர் ஐடி சொத்து,
User ID of a Blogger,ஒரு Blogger பயனர் ஐடி,
User Id,பயனர் ஐடி,
User Image,பயனர் படம்,
User Name,பயனர் பெயர்,
User Permission,பயனர் அனுமதி,
User Profile,பயனர் சுயவிவரம்,
User Social Login,பயனர் சமூக தேதி,
User Tags,பயனர் குறிச்சொற்கள்,
User Type,பயனர் வகை,
User can login using Email id or Mobile number,பயனர் மின்னஞ்சல் ஐடி அல்லது மொபைல் எண் பயன்படுத்தி உள்நுழையலாம்,
User can login using Email id or User Name,பயனர் மின்னஞ்சல் ஐடி அல்லது பயனர் பெயர் பயன்படுத்தி உள்நுழைய முடியும்,
User must always select,பயனர் எப்போதும் தேர்ந்தெடுக்க வேண்டும்,
Username,பயனர் பெயர்,
Users,பயனர்கள்,
Users assigned to the reference document will get points.,குறிப்பு ஆவணத்திற்கு ஒதுக்கப்பட்ட பயனர்களுக்கு புள்ளிகள் கிடைக்கும்.,
Valid,செல்லுபடியாகும்,
Validate Field,புலம் சரிபார்க்கவும்,
Validity,ஏற்றுக்கொள்ளக்கூடிய,
Value,மதிப்பு,
Value Based On,மதிப்பு அடிப்படையில்,
Value Change,மதிப்பு மாற்றம்,
Value Changed,மதிப்பு மாற்றப்பட்டது,
Value To Be Set,மதிப்பு அமைக்க,
Value from this field will be set as the due date in the ToDo,இந்த புலத்திலிருந்து மதிப்பு டோடோவில் உரிய தேதியாக அமைக்கப்படும்,
Value to Validate,சரிபார்க்க மதிப்பு,
Verdana,Verdana,
Verified,சரிபார்க்கப்பட்ட,
Version,பதிப்பு,
Video URL,வீடியோ URL,
View,காண்க,
View Log,பதிவைப் பார்க்கவும்,
View Properties (via Customize Form),(தனிப்பயனாக்கலாம் படிவம் மூலம்) காட்டு பண்புகள்,
View Report,அறிக்கையைக் காண்க,
View Settings,காண்க அமைப்புகள்,
View Website,இணையத்தளம் பார்வையிட,
Viewed By,பார்க்கப்பட்டது,
Visit,வருகை,
Warehouse,கிடங்கு,
Warning,எச்சரிக்கை,
Watch Video,வீடியோவை பார்க்கவும்,
Web Form,வலை படிவம்,
Web Form Field,வலை படிவம் களம்,
Web Form Fields,வலை படிவம் புலங்கள்,
Web Page,வலை பக்கம்,
Web Page Block,வலைப்பக்கத் தொகுதி,
Web Page View,வலைப்பக்கக் காட்சி,
Web Template,வலை வார்ப்புரு,
Web Template Field,வலை வார்ப்புரு புலம்,
Web Template Values,வலை வார்ப்புரு மதிப்புகள்,
Web View,இணையப் பார்வை,
Webhook,Webhook,
Webhook Data,Webhook Data,
Webhook Header,Webhook தலைப்பு,
Webhook Headers,Webhook தலைப்புகள்,
Webhook Request,Webhook கோரிக்கை,
Webhook Secret,வெப்ஹூக் ரகசியம்,
Webhook Security,வெப்ஹூக் பாதுகாப்பு,
Webhook Trigger,வெப்ஹூக் தூண்டுதல்,
Webhook URL,Webhook URL,
Website,இணையதளம்,
Website Analytics,வலைத்தள பகுப்பாய்வு,
Website Manager,இணைய மேலாளர்,
Website Meta Tag,வலைத்தள மெட்டா டேக்,
Website Route Meta,வலைத்தள பாதை மெட்டா,
Website Route Redirect,வலைத்தள பாதை வழிமாற்று,
Website Script,இணைய உரை,
Website Settings,இணைய அமைப்புகள்,
Website Sidebar,இணையத்தளம் பக்கப்பட்டி,
Website Sidebar Item,இணையத்தளம் பக்கப்பட்டி பொருள்,
Website Slideshow,இணைய ப,
Website Slideshow Item,இணைய ப பொருள்,
Website Theme,இணையதளம் தீம்,
Website Theme Ignore App,வலைத்தள தீம் பயன்பாட்டை புறக்கணிக்கவும்,
Website Theme Image,வலைத்தளம் தீம் படம்,
Website Theme Image Link,இணையதளம் தீம் பட இணைப்பு,
Wednesday,புதன்கிழமை,
Weekdays,வார,
Weekly,வாரந்தோறும்,
Weekly Long,வாராந்திர நீண்ட,
Welcome Email Template,மின்னஞ்சல் வார்ப்புரு வரவேற்கிறோம்,
"When enabled this will allow guests to upload files to your application, You can enable this if you wish to collect files from user without having them to log in, for example in job applications web form.","இது இயக்கப்பட்டால், விருந்தினர்கள் உங்கள் பயன்பாட்டிற்கு கோப்புகளைப் பதிவேற்ற அனுமதிக்கும், பயனர்களிடமிருந்து கோப்புகளை உள்நுழையாமல் சேகரிக்க விரும்பினால் இதை இயக்கலாம், எடுத்துக்காட்டாக வேலை பயன்பாடுகள் வலை படிவத்தில்.",
Which view of the associated DocType should this shortcut take you to?,இந்த குறுக்குவழி உங்களை அழைத்துச் செல்ல வேண்டிய தொடர்புடைய டாக் டைப்பின் எந்த பார்வை?,
Width,அகலம்,
Wildcard Filter,வைல்டு கார்டு வடிகட்டி,
"Will add ""%"" before and after the query",வினவலுக்கு முன்னும் பின்னும் &quot;%&quot; ஐ சேர்க்கும்,
Will be used in url (usually first name).,URL (வழக்கமாக முதல் பெயர்) பயன்படுத்தப்படுகிறது.,
Will run scheduled jobs only once a day for inactive sites. Default 4 days if set to 0.,செயலற்ற தளங்களுக்கு ஒரு நாளைக்கு ஒரு முறை மட்டுமே திட்டமிடப்பட்ட வேலைகளை இயக்கும். 0 என அமைக்கப்பட்டால் இயல்புநிலை 4 நாட்கள்.,
Workflow,பணியோட்டம்,
Workflow Action,பணியோட்டம் அதிரடி,
Workflow Action Master,அகச்சிவப்புக் அதிரடி மாஸ்டர்,
Workflow Action Name,பணியோட்டம் அதிரடி பெயர்,
Workflow Action is not created for optional states,விருப்ப நிலைகளுக்கு பணிப்பாய்வு செயல் உருவாக்கப்படவில்லை,
Workflow Document State,பணியோட்டம் ஆவண மாநிலம்,
Workflow Name,பணியோட்டம் பெயர்,
Workflow State,பணியோட்டம் மாநிலம்,
Workflow State Field,பணியோட்டம் மாநிலம் புலம்,
Workflow Transition,பணியோட்டம் மாற்றம்,
Workflow state represents the current state of a document.,அகச்சிவப்புக் அரசு ஒரு ஆவணம் தற்போதைய நிலை பிரதிபலிக்கிறது.,
Write,எழுது,
X Field,எக்ஸ் புலம்,
XLSX,XLSX,
Y Axis,ஒய் அச்சு,
Y Field,ஒய் புலம்,
Yahoo Mail,யாகூ மெயில்,
Yandex.Mail,Yandex.Mail,
Year,ஆண்டு,
Yearly,வருடாந்திர,
Yellow,மஞ்சள்,
Yes,ஆம்,
Your organization name and address for the email footer.,மின்னஞ்சல் முடிப்பு உங்கள் நிறுவனத்தின் பெயர் மற்றும் முகவரி.,
Zero means send records updated at anytime,ஜீரோ எந்த நேரத்திலும் மேம்படுத்தப்பட்டது பதிவுகள் அனுப்ப பொருள்,
_doctype,ஆவண வகை,
_report,அறிக்கை,
adjust,சரிக்கட்டு,
after_insert,after_insert,
align-center,சீரமை-சென்டர்,
align-justify,சீரமை-நியாயப்படுத்த,
align-left,சீரமை-விட்டு,
align-right,சீரமை வலது,
arrow-down,அம்புக்குறி-கீழே,
arrow-left,அம்பு இடது,
arrow-right,அம்பு வலது,
arrow-up,அம்புக்குறி அப்,
asterisk,நட்சத்திர குறி,
backward,பின்னோக்கி,
ban-circle,தடை-வட்டம்,
barcode,பார்கோடு,
bell,மணி,
blue,நீலம்,
bold,துணிவுள்ள,
book,நூல்,
bookmark,புக்மார்க்,
briefcase,பெட்டி,
bullhorn,bullhorn,
calendar,நாட்காட்டி,
camera,நிழற்பட கருவி,
certificate,சான்றிதழ்,
check,சோதனை,
chevron-down,செவ்ரான்-கீழே,
chevron-left,செவ்ரான்-விட்டு,
chevron-right,செவ்ரான் வலது,
chevron-up,செவ்ரான் அப்,
circle-arrow-down,"வட்டம், அம்பு, கீழே",
circle-arrow-left,வட்டத்தை-அம்பு இடது,
circle-arrow-right,வட்டத்தை-அம்பு வலது,
circle-arrow-up,வட்டத்தை-அம்பு அப்,
cog,இயந்திர சக்கரத்தின் பல்,
comment,கருத்து,
darkgrey,அடர் சாம்பல்,
dd-mm-yyyy,dd-mm-yyyy,
dd.mm.yyyy,ஏன் அடுத்தவருக்காக பிடித்ததுப்போல் காட்ட,
dd/mm/yyyy,DD / MM / YYYY,
download,பதிவிறக்கம்,
download-alt,பதிவிறக்க-alt,
"e.g. ""Support"", ""Sales"", ""Jerry Yang""","எ.கா. ""ஆதரவு "","" விற்பனை "","" ஜெர்ரி யாங் """,
e.g. pop.gmail.com / imap.gmail.com,எ.கா. pop.gmail.com / imap.gmail.com,
e.g. replies@yourcomany.com. All replies will come to this inbox.,எ.கா. replies@yourcomany.com. எல்லா பதில்களும் இந்த செய்திப் பெட்டி  வரும்.,
e.g. smtp.gmail.com,எ.கா. smtp.gmail.com,
edit,திருத்த,
eject,வெளியேற்றுவீர்கள்,
email,மின்னஞ்சல்,
envelope,கடித உறை,
exclamation-sign,ஆச்சரியக்குறி-அறிகுறி,
eye-close,கண் நெருக்கமான,
eye-open,கண் திறக்க,
facebook,முகநூல்,
facetime-video,முகம்நேர-\nகாணொளி,
fairlogin,fairlogin,
fast-backward,வேகமாக பின்தங்கிய,
fast-forward,வேகமாக முன்னோக்கி,
file,கோப்பு,
film,படம்,
filter,வடிகட்டி,
fire,தீ,
flag,கொடி,
folder-close,கோப்புறையை-மூடப்பட்டது,
folder-open,கோப்புறையை திறக்க,
font,எழுத்துரு,
forward,முன்,
fullscreen,முழுத்திரை,
gift,நன்கொடை,
glass,கண்ணாடி,
globe,உலகு,
green,பச்சை,
hand-down,கை கீழே,
hand-left,கையை இடது,
hand-right,கையை வலது,
hand-up,கை அப்,
hdd,hdd,
headphones,ஹெட்ஃபோன்கள்,
heart,இதயம்,
home,வீடு,
icon,உருவம்,
in minutes,நிமிடங்களில்,
inbox,செய்திப் பெட்டி,
indent-left,உள்தள் இடது,
indent-right,உள்தள் வலது,
info-sign,தகவல்-அறிகுறி,
italic,(அச்செழுத்துக்கள் வலப்பக்கம்) சாய்ந்துள்ள,
leaf,இலை,
link,இணைப்பு,
linkedin,சென்டர்,
list,பட்டியல்,
list-alt,பட்டியல்-alt,
lock,பூட்ட,
magnet,காந்தம்,
map-marker,வரைபடம்-மார்க்கர்,
minus,குறைய,
minus-sign,கழித்தல்-அறிகுறி,
mm-dd-yyyy,mm-dd-yyyy,
mm/dd/yyyy,dd / mm / yyyy,
module,தொகுதி,
move,நகர்த்து,
music,இசை,
no failed attempts,எந்த தோல்விகள்,
off,முடக்கு,
ok,சரி,
ok-circle,"சரி, வட்டம்",
ok-sign,"சரி, அறிகுறி",
old_parent,பழைய பெற்றோர்,
on_cancel,on_cancel,
on_change,on_change,
on_submit,on_submit,
on_trash,on_trash,
on_update,on_update,
on_update_after_submit,on_update_after_submit,
orange,ஆரஞ்சு,
page,பக்கம்,
pause,இடைநிறுத்தம்,
pencil,பென்சில்,
picture,ஓவியம்,
plane,விமானம்,
play,விளையாட,
play-circle,விளையாட்டு வட்டம்,
plus,உடன் சேர்க்கப்பட்டு,
plus-sign,பிளஸ்-கையெழுத்திட,
print,அச்சிடுக,
purple,ஊதா,
qrcode,qrcode,
query-report,கேள்வி-அறிக்கை,
question-sign,கேள்வி குறி,
random,சீரற்ற,
red,சிவப்பு,
refresh,புதுப்பிப்பு,
remove,அகற்று,
remove-circle,நீக்க-வட்டம்,
remove-sign,நீக்க-கையெழுத்திட,
repeat,மீண்டும்,
resize-full,மறுஅளவீடு-முழு,
resize-horizontal,மறுஅளவீடு-கிடைமட்ட,
resize-small,மறுஅளவீடு சிறிய,
resize-vertical,மறுஅளவீடு-செங்குத்து,
response,பதில்,
retweet,மறு ட்வீட் செய்க,
road,சாலை,
screenshot,திரை,
search,தேடல்,
share,பங்கு,
share-alt,பங்கு-alt,
shopping-cart,ஷாப்பிங் வண்டி,
signal,அடையாளம்,
star,நட்சத்திரம்,
star-empty,நட்சத்திர-காலியாக,
step-backward,படி-பின்தங்கிய,
step-forward,படி-முன்னோக்கி,
stop,நிறுத்து,
tag,Tag,
tags,குறிச்சொற்கள்,
tasks,பணிகள்,
text-height,உரை உயரம்,
text-width,உரை அகலம்,
th,வது,
th-large,"ம், பெரிய",
th-list,வது பட்டியல்,
thumbs-down,கட்டைவிரலை டவுன்,
thumbs-up,கட்டைவிரலை அப்,
time,காலம்,
tint,இலேசான நிறம்,
trash,குப்பைக்கு,
twitter,ட்விட்டர்,
upload,பதிவேற்றவும்,
user,பயனர்,
volume-down,தொகுதி-கீழே,
volume-off,தொகுதி-ஆஃப்,
volume-up,தொகுதி அப்,
warning-sign,எச்சரிக்கை-அறிகுறி,
wrench,பிடுங்கு,
yellow,மஞ்சள்,
yyyy-mm-dd,yyyy-mm-dd,
zoom-in,ஜூம்-இல்,
zoom-out,ஜூம்-அவுட்,
